1 42732U 98067MM  18084.45504971  .00034896  00000-0  32603-3 0  9991
2 42732  51.6361  62.2983 0004165 213.9314 146.1416 15.66933678 47267
1 42732U 98067MM  18087.13349641  .00028096  00000-0  26194-3 0  9993
2 42732  51.6363  48.6847 0004199 223.1143 136.9525 15.67103453 47681
1 42732U 98067MM  18087.51610920  .00022061  00000-0  20681-3 0  9997
2 42732  51.6365  46.7402 0004204 224.7516 135.3142 15.67120770 47743
1 42732U 98067MM  18087.89871773  .00023645  00000-0  22106-3 0  9996
2 42732  51.6366  44.7951 0004220 225.6084 134.4567 15.67140360 47804
1 42732U 98067MM  18088.09002048  .00025196  00000-0  23509-3 0  9991
2 42732  51.6366  43.8230 0004214 226.6910 133.3735 15.67149246 47836
1 42732U 98067MM  18088.34508857  .00021551  00000-0  20184-3 0  9995
2 42732  51.6365  42.5264 0004213 227.9368 132.1271 15.67159681 47878
1 42732U 98067MM  18089.11028311  .00027430  00000-0  25491-3 0  9991
2 42732  51.6368  38.6363 0004244 230.3655 129.6967 15.67197256 47994
1 42732U 98067MM  18089.23781362  .00023409  00000-0  21838-3 0  9999
2 42732  51.6369  37.9881 0004234 231.0640 128.9979 15.67200928 48013
1 42732U 98067MM  18090.32180681  .00024698  00000-0  22963-3 0  9999
2 42732  51.6371  32.4774 0004263 235.3415 124.7180 15.67249917 48183
1 42732U 98067MM  18090.83190883  .00024563  00000-0  22817-3 0  9999
2 42732  51.6372  29.8837 0004294 236.5612 123.4974 15.67275193 48261
1 42732U 98067MM  18091.21448051  .00022620  00000-0  21045-3 0  9999
2 42732  51.6373  27.9392 0004267 238.7197 121.3381 15.67291328 48323
1 42732U 98067MM  18092.17088959  .00024645  00000-0  22833-3 0  9997
2 42732  51.6374  23.0768 0004269 242.3404 117.7159 15.67337989 48474
1 42732U 98067MM  18092.23464906  .00024417  00000-0  22625-3 0  9990
2 42732  51.6374  22.7526 0004271 242.5336 117.5226 15.67341360 48483
1 42732U 98067MM  18093.19102946  .00024256  00000-0  22440-3 0  9995
2 42732  51.6374  17.8898 0004281 246.0600 113.9949 15.67384924 48636
1 42732U 98067MM  18093.38230217  .00023412  00000-0  21671-3 0  9997
2 42732  51.6372  16.9169 0004300 246.7690 113.2854 15.67393962 48666
1 42732U 98067MM  18093.82860154  .00022550  00000-0  20878-3 0  9995
2 42732  51.6373  14.6472 0004298 247.9044 112.1496 15.67413390 48737
1 42732U 98067MM  18093.89235841  .00020012  00000-0  18593-3 0  9993
2 42732  51.6373  14.3231 0004300 248.2796 111.7743 15.67413349 48744
1 42732U 98067MM  18094.14738383  .00021505  00000-0  19928-3 0  9992
2 42732  51.6372  13.0266 0004294 249.7173 110.3362 15.67424862 48782
1 42732U 98067MM  18094.40240750  .00017294  00000-0  16131-3 0  9990
2 42732  51.6372  11.7294 0004317 250.6245 109.4285 15.67432725 48820
1 42732U 98067MM  18094.78493988  .00021642  00000-0  20030-3 0  9999
2 42732  51.6371   9.7838 0004333 251.6099 108.4427 15.67451396 48884
1 42732U 98067MM  18095.16746812  .00027323  00000-0  25114-3 0  9999
2 42732  51.6370   7.8390 0004333 253.8147 106.2373 15.67471707 48944
1 42732U 98067MM  18095.74125160  .00023304  00000-0  21484-3 0  9991
2 42732  51.6369   4.9203 0004368 255.3254 104.7258 15.67497517 49030
1 42732U 98067MM  18096.12376857  .00024812  00000-0  22819-3 0  9993
2 42732  51.6369   2.9754 0004377 257.6445 102.4061 15.67516222 49094
1 42732U 98067MM  18096.31502527  .00025318  00000-0  23263-3 0  9995
2 42732  51.6368   2.0023 0004405 258.2846 101.7656 15.67526252 49127
1 42732U 98067MM  18096.95254026  .00024585  00000-0  22581-3 0  9990
2 42732  51.6368 358.7597 0004418 260.5700  99.4797 15.67553769 49226
1 42732U 98067MM  18097.71754320  .00020778  00000-0  19149-3 0  9993
2 42732  51.6369 354.8679 0004416 263.0951  96.9543 15.67585392 49340
1 42732U 98067MM  18097.90879189  .00021248  00000-0  19564-3 0  9999
2 42732  51.6371 353.8954 0004388 264.5988  95.4508 15.67592602 49372
1 42732U 98067MM  18098.16378793  .00021668  00000-0  19929-3 0  9994
2 42732  51.6371 352.5986 0004393 266.5499  93.4995 15.67605005 49413
1 42732U 98067MM  18099.12000760  .00022458  00000-0  20600-3 0  9993
2 42732  51.6372 347.7345 0004423 269.9696  90.0794 15.67646640 49565
1 42732U 98067MM  18099.88496367  .00024455  00000-0  22347-3 0  9997
2 42732  51.6372 343.8430 0004456 272.7355  87.3131 15.67683996 49689
1 42732U 98067MM  18099.94870901  .00025387  00000-0  23172-3 0  9996
2 42732  51.6371 343.5187 0004455 273.1020  86.9466 15.67688298 49694
1 42732U 98067MM  18100.13994399  .00027834  00000-0  25334-3 0  9999
2 42732  51.6371 342.5459 0004483 273.9941  86.0543 15.67701912 49726
1 42732U 98067MM  18100.84112454  .00035277  00000-0  31872-3 0  9995
2 42732  51.6369 338.9786 0004515 276.3939  83.6544 15.67755918 49836
1 42732U 98067MM  18100.90486722  .00034537  00000-0  31212-3 0  9990
2 42732  51.6369 338.6544 0004521 276.8050  83.2432 15.67759620 49848
1 42732U 98067MM  18101.09609384  .00033881  00000-0  30615-3 0  9999
2 42732  51.6368 337.6816 0004551 277.7991  82.2489 15.67773251 49875
1 42732U 98067MM  18101.86098169  .00030433  00000-0  27502-3 0  9998
2 42732  51.6366 333.7889 0004618 280.2177  79.8298 15.67827712 49994
1 42732U 98067MM  18102.17967748  .00034791  00000-0  31317-3 0  9991
2 42732  51.6365 332.1673 0004642 281.6593  78.3882 15.67853749 50041
1 42732U 98067MM  18102.24341580  .00029000  00000-0  26207-3 0  9998
2 42732  51.6365 331.8430 0004645 281.8453  78.2022 15.67854530 50053
1 42732U 98067MM  18102.75331954  .00028616  00000-0  25835-3 0  9996
2 42732  51.6363 329.2482 0004681 283.6155  76.4320 15.67885832 50137
1 42732U 98067MM  18102.81705690  .00028585  00000-0  25804-3 0  9996
2 42732  51.6363 328.9238 0004685 283.8903  76.1572 15.67889173 50148
1 42732U 98067MM  18102.88079417  .00028250  00000-0  25505-3 0  9991
2 42732  51.6363 328.5994 0004693 284.1263  75.9212 15.67892193 50150
1 42732U 98067MM  18103.19947780  .00030865  00000-0  27786-3 0  9991
2 42732  51.6362 326.9776 0004704 285.4769  74.5708 15.67913253 50209
1 42732U 98067MM  18103.83683459  .00030535  00000-0  27457-3 0  9991
2 42732  51.6360 323.7348 0004748 288.3102  71.7378 15.67947531 50307
1 42732U 98067MM  18104.15550729  .00031318  00000-0  28123-3 0  9991
2 42732  51.6357 322.1129 0004786 289.6906  70.3574 15.67966934 50357
1 42732U 98067MM  18104.47417595  .00026676  00000-0  24029-3 0  9991
2 42732  51.6357 320.4906 0004789 290.5575  69.4908 15.67982258 50400
1 42732U 98067MM  18104.85657434  .00026614  00000-0  23955-3 0  9990
2 42732  51.6357 318.5449 0004822 292.8697  67.1790 15.68002616 50460
1 42732U 98067MM  18105.11150375  .00026649  00000-0  23971-3 0  9998
2 42732  51.6355 317.2470 0004853 294.0495  65.9993 15.68016710 50508
1 42732U 98067MM  18105.62135592  .00024260  00000-0  21852-3 0  9991
2 42732  51.6355 314.6515 0004847 295.7385  64.3111 15.68042152 50580
1 42732U 98067MM  18105.81254827  .00024689  00000-0  22220-3 0  9990
2 42732  51.6355 313.6785 0004852 296.1864  63.8634 15.68051472 50614
1 42732U 98067MM  18105.94000925  .00024718  00000-0  22239-3 0  9995
2 42732  51.6355 313.0299 0004876 297.0052  63.0446 15.68058193 50635
1 42732U 98067MM  18106.83221971  .00024632  00000-0  22120-3 0  9994
2 42732  51.6353 308.4876 0004942 300.5980  59.4528 15.68106269 50779
1 42732U 98067MM  18107.15085953  .00024814  00000-0  22263-3 0  9998
2 42732  51.6353 306.8651 0004987 301.8504  58.2007 15.68124540 50824
1 42732U 98067MM  18107.78812920  .00024205  00000-0  21702-3 0  9990
2 42732  51.6355 303.6208 0005031 304.3674  55.6846 15.68157017 50924
1 42732U 98067MM  18107.91558167  .00024352  00000-0  21824-3 0  9993
2 42732  51.6355 302.9720 0005053 305.0907  54.9616 15.68163657 50942
1 42732U 98067MM  18107.97930766  .00024480  00000-0  21932-3 0  9990
2 42732  51.6355 302.6476 0005083 305.4095  54.6426 15.68167106 50952
1 42732U 98067MM  18108.55283581  .00025785  00000-0  23043-3 0  9995
2 42732  51.6356 299.7269 0005092 307.4207  52.6325 15.68197072 51048
1 42732U 98067MM  18108.74400961  .00026987  00000-0  24080-3 0  9996
2 42732  51.6355 298.7538 0005129 308.3366  51.7169 15.68206467 51070
1 42732U 98067MM  18108.93518155  .00029552  00000-0  26298-3 0  9996
2 42732  51.6355 297.7805 0005156 309.2208  50.8330 15.68219622 51102
1 42732U 98067MM  18109.12635246  .00028376  00000-0  25265-3 0  9995
2 42732  51.6354 296.8068 0005177 309.8700  50.1841 15.68229986 51135
1 42732U 98067MM  18109.76357950  .00025826  00000-0  23016-3 0  9997
2 42732  51.6355 293.5624 0005225 312.4671  47.5884 15.68263134 51230
1 42732U 98067MM  18109.89102310  .00028162  00000-0  25035-3 0  9998
2 42732  51.6356 292.9136 0005255 313.0552  47.0004 15.68272105 51259
1 42732U 98067MM  18110.08218780  .00027778  00000-0  24692-3 0  9990
2 42732  51.6356 291.9400 0005275 313.6995  46.3564 15.68282042 51288
1 42732U 98067MM  18111.86628944  .00042412  00000-0  37110-3 0  9995
2 42732  51.6356 282.8538 0005426 320.4843  39.5758 15.68449709 51560
1 42732U 98067MM  18111.93000345  .00044810  00000-0  39155-3 0  9997
2 42732  51.6357 282.5294 0005434 320.6170  39.4431 15.68458034 51570
1 42732U 98067MM  18112.50342254  .00035690  00000-0  31269-3 0  9993
2 42732  51.6356 279.6087 0005460 322.9649  37.0970 15.68499981 51669
1 42732U 98067MM  18112.82198266  .00034172  00000-0  29940-3 0  9997
2 42732  51.6355 277.9862 0005500 324.4036  35.6593 15.68520917 51717
1 42732U 98067MM  18112.88569423  .00032946  00000-0  28884-3 0  9993
2 42732  51.6355 277.6617 0005502 324.6038  35.4593 15.68524300 51727
1 42732U 98067MM  18113.07682763  .00032827  00000-0  28766-3 0  9995
2 42732  51.6354 276.6881 0005526 325.3200  34.7435 15.68537775 51753
1 42732U 98067MM  18113.45908977  .00032604  00000-0  28545-3 0  9993
2 42732  51.6353 274.7408 0005555 326.7087  33.3559 15.68563386 51812
1 42732U 98067MM  18113.84134624  .00031459  00000-0  27538-3 0  9994
2 42732  51.6352 272.7935 0005599 328.3645  31.7014 15.68586412 51879
1 42732U 98067MM  18113.90505505  .00029588  00000-0  25933-3 0  9998
2 42732  51.6352 272.4689 0005614 328.5928  31.4733 15.68589331 51885
1 42732U 98067MM  18114.03247219  .00028473  00000-0  24970-3 0  9990
2 42732  51.6351 271.8197 0005627 329.1489  30.9177 15.68597105 51901
1 42732U 98067MM  18114.47842664  .00029792  00000-0  26067-3 0  9997
2 42732  51.6350 269.5476 0005657 330.9349  29.1332 15.68627193 51973
1 42732U 98067MM  18114.60584078  .00026186  00000-0  22978-3 0  9995
2 42732  51.6350 268.8985 0005669 331.4220  28.6465 15.68632079 51999
1 42732U 98067MM  18114.79696115  .00025932  00000-0  22750-3 0  9997
2 42732  51.6349 267.9248 0005689 332.2208  27.8485 15.68643033 52026
1 42732U 98067MM  18114.92437384  .00026810  00000-0  23493-3 0  9994
2 42732  51.6348 267.2756 0005703 332.6505  27.4190 15.68651562 52040
1 42732U 98067MM  18115.05178591  .00027132  00000-0  23760-3 0  9996
2 42732  51.6348 266.6265 0005721 333.1257  26.9443 15.68659553 52063
1 42732U 98067MM  18115.49772293  .00030657  00000-0  26738-3 0  9997
2 42732  51.6347 264.3542 0005719 334.4493  25.6220 15.68688774 52132
1 42732U 98067MM  18115.81624493  .00032203  00000-0  28033-3 0  9990
2 42732  51.6347 262.7313 0005789 335.7107  24.3616 15.68708787 52180
1 42732U 98067MM  18115.87994905  .00028130  00000-0  24562-3 0  9991
2 42732  51.6347 262.4067 0005804 335.9588  24.1137 15.68709496 52191
1 42732U 98067MM  18116.77178843  .00026524  00000-0  23144-3 0  9996
2 42732  51.6349 257.8629 0005946 339.6565  20.4194 15.68760397 52333
1 42732U 98067MM  18117.40879992  .00026949  00000-0  23472-3 0  9995
2 42732  51.6351 254.6162 0005967 341.9939  18.0846 15.68795060 52430
1 42732U 98067MM  18117.79100095  .00026705  00000-0  23247-3 0  9998
2 42732  51.6352 252.6690 0006073 343.4807  16.5991 15.68812757 52498
1 42732U 98067MM  18118.49168853  .00023765  00000-0  20719-3 0  9996
2 42732  51.6353 249.0978 0006111 345.7990  14.2835 15.68849709 52601
1 42732U 98067MM  18118.81017765  .00025684  00000-0  22329-3 0  9998
2 42732  51.6354 247.4751 0006194 347.0222  13.0614 15.68868082 52659
1 42732U 98067MM  18119.51084340  .00023437  00000-0  20399-3 0  9998
2 42732  51.6357 243.9041 0006200 349.8713  10.2158 15.68899101 52768
1 42732U 98067MM  18119.57453960  .00022012  00000-0  19191-3 0  9998
2 42732  51.6357 243.5796 0006212 350.1594   9.9280 15.68900729 52777
1 42732U 98067MM  18119.82932303  .00023452  00000-0  20399-3 0  9990
2 42732  51.6357 242.2812 0006244 351.1001   8.9884 15.68913911 52812
1 42732U 98067MM  18120.46627295  .00025775  00000-0  22334-3 0  9994
2 42732  51.6358 239.0345 0006288 353.6357   6.4559 15.68946167 52919
1 42732U 98067MM  18120.52996745  .00024514  00000-0  21268-3 0  9995
2 42732  51.6358 238.7100 0006302 353.8716   6.2202 15.68947563 52927
1 42732U 98067MM  18120.78474329  .00025231  00000-0  21861-3 0  9998
2 42732  51.6357 237.4116 0006347 354.7753   5.3176 15.68961131 52960
1 42732U 98067MM  18121.48536753  .00023605  00000-0  20462-3 0  9995
2 42732  51.6358 233.8404 0006373 357.5871   2.5094 15.68992558 53070
1 42732U 98067MM  18121.67644461  .00023250  00000-0  20156-3 0  9998
2 42732  51.6358 232.8667 0006411 358.3369   1.7605 15.69000291 53102
1 42732U 98067MM  18122.12228738  .00024747  00000-0  21401-3 0  9990
2 42732  51.6357 230.5937 0006415 359.8451   0.2543 15.69019476 53175
1 42732U 98067MM  18122.37705203  .00022721  00000-0  19687-3 0  9997
2 42732  51.6356 229.2951 0006425   0.8621 359.2386 15.69029194 53213
1 42732U 98067MM  18123.26871507  .00019812  00000-0  17211-3 0  9995
2 42732  51.6353 224.7496 0006453   4.3030 355.8021 15.69065266 53351
1 42732U 98067MM  18123.65085058  .00020591  00000-0  17855-3 0  9996
2 42732  51.6352 222.8021 0006534   5.5577 354.5491 15.69079712 53417
1 42732U 98067MM  18124.09667081  .00020968  00000-0  18160-3 0  9995
2 42732  51.6351 220.5289 0006525   7.0396 353.0691 15.69096352 53485
1 42732U 98067MM  18124.47879858  .00019643  00000-0  17036-3 0  9993
2 42732  51.6350 218.5801 0006557   8.5199 351.5908 15.69110800 53549
1 42732U 98067MM  18125.11567105  .00019187  00000-0  16638-3 0  9994
2 42732  51.6347 215.3332 0006579  10.8651 349.2486 15.69133155 53646
1 42732U 98067MM  18125.49778972  .00018708  00000-0  16227-3 0  9993
2 42732  51.6346 213.3850 0006599  12.1530 347.9625 15.69147199 53701
1 42732U 98067MM  18125.68884790  .00018336  00000-0  15910-3 0  9995
2 42732  51.6347 212.4110 0006647  12.5717 347.5445 15.69153968 53736
1 42732U 98067MM  18126.45306547  .00044232  00000-0  37465-3 0  9993
2 42732  51.6345 208.5150 0006713  15.4933 344.6269 15.69213975 53850
1 42732U 98067MM  18126.64411511  .00040427  00000-0  34282-3 0  9998
2 42732  51.6345 207.5410 0006736  16.0754 344.0455 15.69226485 53885
1 42732U 98067MM  18127.21725318  .00041435  00000-0  35052-3 0  9991
2 42732  51.6346 204.6178 0006721  18.2116 341.9120 15.69273856 53974
1 42732U 98067MM  18127.47197615  .00040353  00000-0  34129-3 0  9994
2 42732  51.6345 203.3185 0006771  19.1324 340.9927 15.69291744 54019
1 42732U 98067MM  18127.59933659  .00035105  00000-0  29766-3 0  9993
2 42732  51.6345 202.6691 0006781  19.6205 340.5051 15.69297428 54038
1 42732U 98067MM  18128.23612772  .00031971  00000-0  27115-3 0  9998
2 42732  51.6346 199.4214 0006804  21.9725 338.1562 15.69340845 54135
1 42732U 98067MM  18128.42716181  .00032580  00000-0  27606-3 0  9990
2 42732  51.6346 198.4473 0006802  22.7305 337.3992 15.69353035 54168
1 42732U 98067MM  18128.55451710  .00031954  00000-0  27078-3 0  9995
2 42732  51.6346 197.7978 0006809  23.2286 336.9018 15.69360857 54187
1 42732U 98067MM  18129.19128367  .00030786  00000-0  26066-3 0  9993
2 42732  51.6347 194.5500 0006868  25.4705 334.6629 15.69401279 54287
1 42732U 98067MM  18129.44598591  .00031860  00000-0  26938-3 0  9993
2 42732  51.6348 193.2509 0006877  26.4597 333.6750 15.69416786 54321
1 42732U 98067MM  18129.57333598  .00029860  00000-0  25277-3 0  9993
2 42732  51.6348 192.6014 0006881  26.9587 333.1766 15.69423466 54341
1 42732U 98067MM  18129.70068552  .00029215  00000-0  24735-3 0  9995
2 42732  51.6348 191.9518 0006905  27.3146 332.8213 15.69431265 54366
1 42732U 98067MM  18131.16515641  .00029732  00000-0  25065-3 0  9995
2 42732  51.6348 184.4816 0006928  32.6938 327.4487 15.69525643 54599
1 42732U 98067MM  18131.22882700  .00028469  00000-0  24022-3 0  9993
2 42732  51.6348 184.1569 0006930  32.9263 327.2165 15.69528776 54601
1 42732U 98067MM  18131.41983799  .00029831  00000-0  25130-3 0  9999
2 42732  51.6348 183.1825 0006937  33.6032 326.5404 15.69541256 54633
1 42732U 98067MM  18131.54717750  .00036918  00000-0  30939-3 0  9992
2 42732  51.6348 182.5329 0006943  34.0507 326.0935 15.69555442 54652
1 42732U 98067MM  18131.73818570  .00034507  00000-0  28945-3 0  9991
2 42732  51.6347 181.5585 0006950  34.6937 325.4512 15.69567098 54682
1 42732U 98067MM  18132.18386472  .00036249  00000-0  30334-3 0  9992
2 42732  51.6346 179.2845 0006955  36.3931 323.7538 15.69599994 54759
1 42732U 98067MM  18132.50220132  .00036309  00000-0  30355-3 0  9998
2 42732  51.6345 177.6604 0006960  37.5538 322.5945 15.69622445 54808
1 42732U 98067MM  18133.13886257  .00027266  00000-0  22908-3 0  9991
2 42732  51.6342 174.4121 0007012  39.6359 320.5150 15.69657914 54903
1 42732U 98067MM  18133.45718720  .00028069  00000-0  23548-3 0  9998
2 42732  51.6341 172.7878 0006986  40.8976 319.2545 15.69676785 54955
1 42732U 98067MM  18133.52085175  .00028202  00000-0  23653-3 0  9993
2 42732  51.6341 172.4629 0006987  41.0492 319.1030 15.69680544 54960
1 42732U 98067MM  18133.71184428  .00028074  00000-0  23537-3 0  9993
2 42732  51.6340 171.4883 0006991  41.6804 318.4725 15.69692366 54999
1 42732U 98067MM  18134.15748769  .00028889  00000-0  24175-3 0  9999
2 42732  51.6338 169.2141 0006984  43.4078 316.7468 15.69720764 55061
1 42732U 98067MM  18134.34847567  .00027971  00000-0  23415-3 0  9993
2 42732  51.6336 168.2403 0007005  44.0865 316.0690 15.69731029 55094
1 42732U 98067MM  18134.92143186  .00024031  00000-0  20172-3 0  9994
2 42732  51.6334 165.3159 0006981  46.1720 313.9853 15.69759705 55181
1 42732U 98067MM  18135.11241505  .00024409  00000-0  20472-3 0  9992
2 42732  51.6334 164.3412 0006988  47.0593 313.0989 15.69769869 55214
1 42732U 98067MM  18135.43071766  .00024258  00000-0  20336-3 0  9998
2 42732  51.6333 162.7172 0007027  47.9071 312.2522 15.69785033 55263
1 42732U 98067MM  18135.68535728  .00022883  00000-0  19204-3 0  9992
2 42732  51.6332 161.4173 0007008  48.9023 311.2579 15.69797525 55301
1 42732U 98067MM  18136.19463099  .00022410  00000-0  18800-3 0  9997
2 42732  51.6332 158.8180 0007015  50.9320 309.2300 15.69821684 55381
1 42732U 98067MM  18136.32194811  .00022588  00000-0  18940-3 0  9996
2 42732  51.6331 158.1683 0007008  51.5232 308.6393 15.69827550 55408
1 42732U 98067MM  18136.51292298  .00021504  00000-0  18051-3 0  9995
2 42732  51.6332 157.1937 0007012  51.9032 308.2596 15.69836160 55438
1 42732U 98067MM  18137.21315521  .00027070  00000-0  22548-3 0  9998
2 42732  51.6334 153.6194 0007002  54.7768 305.3883 15.69871608 55547
1 42732U 98067MM  18137.53143722  .00026760  00000-0  22281-3 0  9994
2 42732  51.6334 151.9950 0007027  55.8563 304.3100 15.69887722 55590
1 42732U 98067MM  18138.04068023  .00031393  00000-0  26004-3 0  9996
2 42732  51.6336 149.3951 0006994  58.2219 301.9458 15.69920944 55673
1 42732U 98067MM  18138.54991231  .00027870  00000-0  23121-3 0  9999
2 42732  51.6337 146.7961 0007016  59.6194 300.5496 15.69951605 55753
1 42732U 98067MM  18139.18643848  .00031950  00000-0  26377-3 0  9998
2 42732  51.6340 143.5466 0006997  62.3689 297.8017 15.69992621 55850
1 42732U 98067MM  18139.44104472  .00025111  00000-0  20844-3 0  9997
2 42732  51.6341 142.2469 0007001  63.0628 297.1084 15.70002449 55891
1 42732U 98067MM  18139.56834719  .00022340  00000-0  18600-3 0  9992
2 42732  51.6341 141.5968 0006984  63.6223 296.5491 15.70007532 55919
1 42732U 98067MM  18140.45945175  .00023302  00000-0  19344-3 0  9996
2 42732  51.6342 137.0476 0006963  66.9863 293.1869 15.70049501 56057
1 42732U 98067MM  18140.58675044  .00022461  00000-0  18661-3 0  9991
2 42732  51.6343 136.3974 0006963  67.6606 292.5129 15.70055315 56070
1 42732U 98067MM  18141.22323713  .00019123  00000-0  15950-3 0  9995
2 42732  51.6343 133.1480 0006940  70.2970 289.8775 15.70081360 56172
1 42732U 98067MM  18141.54147650  .00019696  00000-0  16402-3 0  9992
2 42732  51.6343 131.5230 0006923  71.3326 288.8423 15.70095790 56222
1 42732U 98067MM  18142.17794732  .00022113  00000-0  18330-3 0  9991
2 42732  51.6342 128.2733 0006916  73.9308 286.2451 15.70122336 56323
1 42732U 98067MM  18142.43253244  .00021616  00000-0  17922-3 0  9991
2 42732  51.6341 126.9735 0006897  74.7385 285.4375 15.70133232 56368
1 42732U 98067MM  18143.38720949  .00025136  00000-0  20712-3 0  9999
2 42732  51.6339 122.0985 0006865  78.4967 281.6801 15.70180250 56512
1 42732U 98067MM  18144.15092886  .00029473  00000-0  24146-3 0  9990
2 42732  51.6340 118.1982 0006841  81.5183 278.6589 15.70223956 56639
1 42732U 98067MM  18144.46913871  .00026905  00000-0  22075-3 0  9996
2 42732  51.6338 116.5730 0006827  82.8359 277.3415 15.70241501 56687
1 42732U 98067MM  18145.16918859  .00028068  00000-0  22969-3 0  9999
2 42732  51.6338 112.9976 0006819  85.7435 274.4341 15.70280101 56794
1 42732U 98067MM  18145.48738745  .00023779  00000-0  19531-3 0  9993
2 42732  51.6338 111.3724 0006798  86.9245 273.2530 15.70294667 56841
1 42732U 98067MM  18146.12377711  .00024593  00000-0  20157-3 0  9998
2 42732  51.6341 108.1221 0006806  89.6651 270.5126 15.70323677 56948
1 42732U 98067MM  18146.50560477  .00021265  00000-0  17490-3 0  9992
2 42732  51.6341 106.1716 0006786  91.1597 269.0178 15.70340251 57004
1 42732U 98067MM  18146.88742836  .00023986  00000-0  19643-3 0  9998
2 42732  51.6343 104.2211 0006799  92.9987 267.1788 15.70360111 57060
1 42732U 98067MM  18147.14197537  .00024003  00000-0  19648-3 0  9996
2 42732  51.6343 102.9213 0006801  93.6886 266.4889 15.70370553 57107
1 42732U 98067MM  18147.26924788  .00025133  00000-0  20542-3 0  9995
2 42732  51.6344 102.2713 0006789  94.0950 266.0823 15.70377743 57122
1 42732U 98067MM  18147.71469832  .00023099  00000-0  18908-3 0  9991
2 42732  51.6346  99.9954 0006779  96.2708 263.9062 15.70396952 57198
1 42732U 98067MM  18147.90560401  .00022394  00000-0  18341-3 0  9994
2 42732  51.6348  99.0202 0006799  96.8866 263.2905 15.70405488 57228
1 42732U 98067MM  18148.09650867  .00022915  00000-0  18749-3 0  9992
2 42732  51.6348  98.0453 0006790  97.3332 262.8437 15.70413585 57255
1 42732U 98067MM  18148.47831411  .00023014  00000-0  18813-3 0  9993
2 42732  51.6349  96.0949 0006769  98.8939 261.2825 15.70432675 57311
1 42732U 98067MM  18148.86011585  .00023403  00000-0  19108-3 0  9998
2 42732  51.6351  94.1444 0006785 100.5136 259.6626 15.70450039 57371
1 42732U 98067MM  18149.43280891  .00024036  00000-0  19586-3 0  9993
2 42732  51.6352  91.2193 0006740 102.2141 257.9611 15.70479656 57468
1 42732U 98067MM  18149.87822967  .00023788  00000-0  19372-3 0  9993
2 42732  51.6354  88.9435 0006752 104.5934 255.5813 15.70501844 57531
1 42732U 98067MM  18150.19638354  .00023831  00000-0  19394-3 0  9998
2 42732  51.6356  87.3186 0006719 105.5499 254.6241 15.70517092 57581
1 42732U 98067MM  18150.38727467  .00022339  00000-0  18207-3 0  9997
2 42732  51.6356  86.3432 0006704 106.3647 253.8088 15.70525011 57616
1 42732U 98067MM  18150.83268361  .00021779  00000-0  17750-3 0  9999
2 42732  51.6357  84.0675 0006725 108.4672 251.7057 15.70543253 57683
1 42732U 98067MM  18151.21445854  .00023104  00000-0  18786-3 0  9990
2 42732  51.6357  82.1175 0006684 109.5538 250.6181 15.70559275 57748
1 42732U 98067MM  18151.40534427  .00022382  00000-0  18209-3 0  9993
2 42732  51.6357  81.1419 0006673 110.4696 249.7019 15.70567771 57774
1 42732U 98067MM  18151.91436824  .00023748  00000-0  19269-3 0  9995
2 42732  51.6357  78.5411 0006676 112.9187 247.2516 15.70590967 57858
1 42732U 98067MM  18152.16887697  .00024539  00000-0  19883-3 0  9992
2 42732  51.6357  77.2414 0006622 113.3584 246.8111 15.70604037 57898
1 42732U 98067MM  18153.18688009  .00037154  00000-0  29711-3 0  9999
2 42732  51.6356  72.0396 0006555 117.6864 242.4800 15.70686437 58052
1 42732U 98067MM  18153.37774950  .00038025  00000-0  30372-3 0  9994
2 42732  51.6356  71.0634 0006552 118.6285 241.5372 15.70703344 58085
1 42732U 98067MM  18153.75948265  .00036771  00000-0  29353-3 0  9991
2 42732  51.6355  69.1126 0006522 120.3223 239.8420 15.70733924 58145
1 42732U 98067MM  18153.95034686  .00035563  00000-0  28394-3 0  9998
2 42732  51.6356  68.1373 0006493 121.0869 239.0767 15.70746862 58174
1 42732U 98067MM  18154.14120929  .00037436  00000-0  29838-3 0  9991
2 42732  51.6354  67.1618 0006472 121.8270 238.3358 15.70762492 58203
1 42732U 98067MM  18154.33206952  .00037825  00000-0  30122-3 0  9993
2 42732  51.6353  66.1862 0006452 122.6338 237.5283 15.70778572 58231
1 42732U 98067MM  18154.77740498  .00030672  00000-0  24510-3 0  9996
2 42732  51.6353  63.9099 0006446 124.5272 235.6334 15.70804381 58301
1 42732U 98067MM  18154.90464201  .00034036  00000-0  27123-3 0  9997
2 42732  51.6353  63.2596 0006423 125.1306 235.0294 15.70815150 58323
1 42732U 98067MM  18155.15911406  .00036053  00000-0  28673-3 0  9991
2 42732  51.6353  61.9590 0006405 126.1780 233.9811 15.70833932 58363
1 42732U 98067MM  18155.34996613  .00033270  00000-0  26492-3 0  9990
2 42732  51.6352  60.9833 0006413 126.9865 233.1721 15.70845668 58396
1 42732U 98067MM  18156.24059183  .00026705  00000-0  21332-3 0  9995
2 42732  51.6353  56.4309 0006362 130.6149 229.5403 15.70895087 58537
1 42732U 98067MM  18156.87673664  .00028334  00000-0  22568-3 0  9992
2 42732  51.6355  53.1794 0006356 133.4263 226.7264 15.70929035 58638
1 42732U 98067MM  18156.94035034  .00028978  00000-0  23065-3 0  9990
2 42732  51.6355  52.8543 0006331 133.5403 226.6121 15.70932813 58646
1 42732U 98067MM  18157.13119076  .00028964  00000-0  23044-3 0  9993
2 42732  51.6355  51.8789 0006319 134.1059 226.0460 15.70942962 58676
1 42732U 98067MM  18157.25841665  .00026455  00000-0  21090-3 0  9994
2 42732  51.6354  51.2282 0006321 134.6909 225.4605 15.70949169 58691
1 42732U 98067MM  18157.32202946  .00026366  00000-0  21018-3 0  9996
2 42732  51.6355  50.9029 0006320 135.0225 225.1285 15.70952722 58704
1 42732U 98067MM  18157.76731615  .00023270  00000-0  18596-3 0  9992
2 42732  51.6356  48.6265 0006328 137.0465 223.1028 15.70973245 58770
1 42732U 98067MM  18158.08537368  .00032344  00000-0  25611-3 0  9995
2 42732  51.6357  47.0007 0006270 138.1025 222.0454 15.70996413 58827
1 42732U 98067MM  18158.72147498  .00028610  00000-0  22681-3 0  9992
2 42732  51.6359  43.7480 0006285 141.0938 219.0513 15.71036042 58926
1 42732U 98067MM  18158.78508421  .00028392  00000-0  22509-3 0  9991
2 42732  51.6359  43.4229 0006269 141.3287 218.8161 15.71039983 58930
1 42732U 98067MM  18159.16673639  .00027649  00000-0  21913-3 0  9990
2 42732  51.6358  41.4718 0006207 142.8195 217.3234 15.71063858 58995
1 42732U 98067MM  18159.86641875  .00024107  00000-0  19146-3 0  9995
2 42732  51.6359  37.8942 0006177 145.7114 214.4284 15.71100003 59104
1 42732U 98067MM  18160.12084494  .00023449  00000-0  18628-3 0  9996
2 42732  51.6359  36.5935 0006143 146.9727 213.1656 15.71112444 59143
1 42732U 98067MM  18160.88411283  .00021717  00000-0  17267-3 0  9993
2 42732  51.6361  32.6905 0006105 149.7773 210.3578 15.71145095 59263
1 42732U 98067MM  18161.07492739  .00021922  00000-0  17420-3 0  9999
2 42732  51.6361  31.7149 0006069 150.5385 209.5956 15.71153343 59299
1 42732U 98067MM  18161.83817687  .00020298  00000-0  16148-3 0  9997
2 42732  51.6361  27.8119 0006057 153.5514 206.5794 15.71181595 59417
1 42732U 98067MM  18161.90178035  .00020293  00000-0  16143-3 0  9992
2 42732  51.6361  27.4867 0006043 153.7735 206.3570 15.71184009 59429
1 42732U 98067MM  18162.21979555  .00020368  00000-0  16191-3 0  9999
2 42732  51.6359  25.8601 0006022 155.2877 204.8410 15.71198683 59479
1 42732U 98067MM  18162.79221611  .00019993  00000-0  15886-3 0  9997
2 42732  51.6357  22.9324 0006021 157.8143 202.3116 15.71222953 59564
1 42732U 98067MM  18162.85581777  .00021197  00000-0  16809-3 0  9991
2 42732  51.6358  22.6067 0006021 157.9931 202.1327 15.71226797 59575
1 42732U 98067MM  18163.04662235  .00021636  00000-0  17141-3 0  9990
2 42732  51.6357  21.6318 0005941 158.8549 201.2695 15.71235474 59601
1 42732U 98067MM  18163.87342914  .00023331  00000-0  18414-3 0  9998
2 42732  51.6354  17.4028 0005879 162.4096 197.7107 15.71273762 59730
1 42732U 98067MM  18164.44582169  .00021573  00000-0  17047-3 0  9997
2 42732  51.6351  14.4746 0005880 165.1844 194.9327 15.71299970 59826
1 42732U 98067MM  18164.82741174  .00023120  00000-0  18219-3 0  9994
2 42732  51.6350  12.5231 0005828 166.6893 193.4260 15.71318144 59886
1 42732U 98067MM  18165.08180289  .00022773  00000-0  17945-3 0  9995
2 42732  51.6349  11.2218 0005777 167.7994 192.3144 15.71329496 59928
1 42732U 98067MM  18165.78136766  .00024571  00000-0  19293-3 0  9999
2 42732  51.6348   7.6430 0005747 170.8505 189.2599 15.71363455 60038
1 42732U 98067MM  18166.03575088  .00025311  00000-0  19847-3 0  9990
2 42732  51.6348   6.3415 0005753 172.1854 187.9234 15.71377239 60076
1 42732U 98067MM  18166.54451113  .00022677  00000-0  17817-3 0  9995
2 42732  51.6348   3.7382 0005806 174.4034 185.7030 15.71401836 60154
1 42732U 98067MM  18166.79888837  .00023214  00000-0  18218-3 0  9993
2 42732  51.6348   2.4374 0005740 175.5198 184.5852 15.71414154 60191
1 42732U 98067MM  18167.11685713  .00023391  00000-0  18341-3 0  9991
2 42732  51.6349   0.8105 0005695 177.0694 183.0338 15.71430093 60242
1 42732U 98067MM  18167.87997043  .00024639  00000-0  19264-3 0  9997
2 42732  51.6351 356.9065 0005632 180.1601 179.9396 15.71464840 60367
1 42732U 98067MM  18168.51588482  .00022160  00000-0  17357-3 0  9990
2 42732  51.6352 353.6525 0005653 182.8768 177.2199 15.71493696 60463
1 42732U 98067MM  18168.83383761  .00023805  00000-0  18595-3 0  9990
2 42732  51.6353 352.0264 0005564 184.3883 175.7067 15.71509488 60513
1 42732U 98067MM  18168.96101787  .00024370  00000-0  19019-3 0  9990
2 42732  51.6353 351.3758 0005542 185.0621 175.0322 15.71516073 60534
1 42732U 98067MM  18169.53332025  .00037112  00000-0  28624-3 0  9995
2 42732  51.6355 348.4470 0005541 187.4793 172.6123 15.71558739 60626
1 42732U 98067MM  18169.72408397  .00038406  00000-0  29584-3 0  9995
2 42732  51.6355 347.4713 0005477 188.3661 171.7246 15.71573342 60653
1 42732U 98067MM  18169.91484598  .00033589  00000-0  25934-3 0  9995
2 42732  51.6355 346.4953 0005461 189.2354 170.8545 15.71584856 60687
1 42732U 98067MM  18170.48712086  .00031815  00000-0  24548-3 0  9995
2 42732  51.6354 343.5664 0005454 191.7638 168.3234 15.71629559 60775
1 42732U 98067MM  18171.50446261  .00027141  00000-0  20963-3 0  9992
2 42732  51.6353 338.3594 0005363 196.4494 163.6331 15.71696300 60931
1 42732U 98067MM  18171.88595507  .00030038  00000-0  23119-3 0  9996
2 42732  51.6352 336.4071 0005336 198.1706 161.9102 15.71721674 60990
1 42732U 98067MM  18172.71250311  .00027932  00000-0  21493-3 0  9992
2 42732  51.6353 332.1767 0005260 201.9568 158.1205 15.71769829 61123
1 42732U 98067MM  18172.83966222  .00028148  00000-0  21648-3 0  9992
2 42732  51.6352 331.5259 0005248 202.4807 157.5962 15.71777302 61149
1 42732U 98067MM  18172.90324147  .00028367  00000-0  21809-3 0  9996
2 42732  51.6349 331.2010 0005201 203.4479 156.6283 15.71781559 61158
1 42732U 98067MM  18173.03039951  .00027830  00000-0  21399-3 0  9995
2 42732  51.6350 330.5501 0005211 203.7395 156.3364 15.71789103 61170
1 42732U 98067MM  18173.41187019  .00025520  00000-0  19650-3 0  9997
2 42732  51.6351 328.5970 0005218 205.1493 154.9252 15.71809423 61235
1 42732U 98067MM  18173.66618141  .00027139  00000-0  20851-3 0  9992
2 42732  51.6350 327.2955 0005179 206.9013 153.1717 15.71823444 61276
1 42732U 98067MM  18173.85691313  .00028588  00000-0  21925-3 0  9997
2 42732  51.6349 326.3191 0005119 208.5866 151.4852 15.71835532 61300
1 42732U 98067MM  18174.42910006  .00028542  00000-0  21860-3 0  9992
2 42732  51.6349 323.3895 0005111 211.0488 149.0208 15.71869328 61396
1 42732U 98067MM  18174.55625059  .00034344  00000-0  26178-3 0  9991
2 42732  51.6349 322.7388 0005090 211.8845 148.1846 15.71881808 61415
1 42732U 98067MM  18174.81054861  .00041261  00000-0  31299-3 0  9993
2 42732  51.6349 321.4372 0005043 213.4851 146.5829 15.71907030 61450
1 42732U 98067MM  18174.87412327  .00040033  00000-0  30382-3 0  9992
2 42732  51.6346 321.1106 0005079 213.4756 146.5922 15.71909537 61461
1 42732U 98067MM  18175.57342160  .00040327  00000-0  30519-3 0  9995
2 42732  51.6349 317.5303 0005031 217.3842 142.6807 15.71972969 61579
1 42732U 98067MM  18175.82770549  .00037637  00000-0  28499-3 0  9993
2 42732  51.6349 316.2285 0005013 218.4248 141.6393 15.71993072 61618
1 42732U 98067MM  18176.39983250  .00034459  00000-0  26094-3 0  9999
2 42732  51.6349 313.2988 0004974 221.4059 138.6562 15.72036740 61709
1 42732U 98067MM  18176.84481071  .00034715  00000-0  26250-3 0  9992
2 42732  51.6345 311.0197 0004984 223.0247 137.0362 15.72066791 61778
1 42732U 98067MM  18177.54403859  .00048157  00000-0  36072-3 0  9996
2 42732  51.6347 307.4390 0004950 227.1052 132.9532 15.72137326 61884
1 42732U 98067MM  18177.60760328  .00048318  00000-0  36181-3 0  9990
2 42732  51.6348 307.1138 0004941 227.4902 132.5679 15.72143534 61896
1 42732U 98067MM  18177.73473174  .00047841  00000-0  35811-3 0  9993
2 42732  51.6348 306.4627 0004929 228.1964 131.8614 15.72156272 61910
1 42732U 98067MM  18178.56104304  .00039373  00000-0  29492-3 0  9990
2 42732  51.6347 302.2303 0004924 232.7031 127.3519 15.72229319 62047
1 42732U 98067MM  18178.62460408  .00039853  00000-0  29837-3 0  9993
2 42732  51.6349 301.9053 0004893 233.9512 126.1033 15.72235102 62055
1 42732U 98067MM  18178.81528601  .00037523  00000-0  28111-3 0  9990
2 42732  51.6348 300.9285 0004896 234.8197 125.2343 15.72248642 62082
1 42732U 98067MM  18178.94240592  .00038889  00000-0  29098-3 0  9995
2 42732  51.6348 300.2775 0004893 235.5194 124.5342 15.72260517 62100
1 42732U 98067MM  18179.32376152  .00036654  00000-0  27427-3 0  9992
2 42732  51.6347 298.3240 0004882 237.4564 122.5963 15.72288354 62165
1 42732U 98067MM  18179.89578536  .00029545  00000-0  22186-3 0  9992
2 42732  51.6348 295.3941 0004858 240.2846 119.7669 15.72319291 62255
1 42732U 98067MM  18180.53135303  .00028006  00000-0  21027-3 0  9990
2 42732  51.6347 292.1384 0004849 243.3436 116.7066 15.72354150 62351
1 42732U 98067MM  18180.84913181  .00028960  00000-0  21708-3 0  9997
2 42732  51.6345 290.5113 0004824 245.4804 114.5692 15.72372779 62400
1 42732U 98067MM  18181.54823306  .00023828  00000-0  17929-3 0  9992
2 42732  51.6344 286.9300 0004816 248.6414 111.4071 15.72404935 62518
1 42732U 98067MM  18181.86600173  .00024391  00000-0  18328-3 0  9992
2 42732  51.6344 285.3020 0004808 250.3529 109.6951 15.72420546 62565
1 42732U 98067MM  18182.50153003  .00024035  00000-0  18047-3 0  9992
2 42732  51.6342 282.0459 0004794 253.3475 106.6997 15.72448436 62666
1 42732U 98067MM  18182.81929009  .00024068  00000-0  18060-3 0  9994
2 42732  51.6339 280.4178 0004791 254.9769 105.0699 15.72463032 62719
1 42732U 98067MM  18182.88284169  .00024303  00000-0  18229-3 0  9991
2 42732  51.6339 280.0921 0004793 255.1724 104.8743 15.72466203 62728
1 42732U 98067MM  18183.51835256  .00020103  00000-0  15150-3 0  9995
2 42732  51.6338 276.8361 0004776 257.9218 102.1245 15.72489513 62825
1 42732U 98067MM  18183.83610447  .00020371  00000-0  15337-3 0  9997
2 42732  51.6337 275.2078 0004787 259.6047 100.4412 15.72502250 62879
1 42732U 98067MM  18184.47160142  .00019738  00000-0  14861-3 0  9996
2 42732  51.6339 271.9509 0004755 261.8269  98.2190 15.72525524 62976
1 42732U 98067MM  18184.85289535  .00018708  00000-0  14104-3 0  9992
2 42732  51.6338 269.9969 0004743 263.4791  96.5667 15.72537794 63037
1 42732U 98067MM  18185.48837736  .00019151  00000-0  14412-3 0  9999
2 42732  51.6336 266.7403 0004724 266.1376  93.9083 15.72561753 63137
1 42732U 98067MM  18185.67901997  .00018984  00000-0  14286-3 0  9993
2 42732  51.6336 265.7634 0004728 266.9109  93.1349 15.72569022 63165
1 42732U 98067MM  18186.37803516  .00019802  00000-0  14863-3 0  9990
2 42732  51.6337 262.1811 0004727 270.2575  89.7882 15.72597295 63276
1 42732U 98067MM  18186.63221943  .00020173  00000-0  15125-3 0  9992
2 42732  51.6338 260.8786 0004755 272.5036  87.5418 15.72607892 63312
1 42732U 98067MM  18187.20412573  .00030462  00000-0  22545-3 0  9993
2 42732  51.6337 257.9475 0004743 275.3184  84.7273 15.72645752 63400
1 42732U 98067MM  18187.45830341  .00032695  00000-0  24147-3 0  9997
2 42732  51.6338 256.6454 0004749 276.9187  83.1271 15.72657118 63444
1 42732U 98067MM  18189.42810318  .00022857  00000-0  16968-3 0  9999
2 42732  51.6344 246.5495 0004707 286.2999  73.7481 15.72752390 63753
1 42732U 98067MM  18189.61872210  .00023867  00000-0  17688-3 0  9991
2 42732  51.6341 245.5722 0004722 287.2006  72.8475 15.72763553 63788
1 42732U 98067MM  18190.19057295  .00023867  00000-0  17667-3 0  9991
2 42732  51.6342 242.6403 0004704 289.1304  70.9185 15.72791377 63877
1 42732U 98067MM  18190.38118765  .00023088  00000-0  17101-3 0  9990
2 42732  51.6341 241.6635 0004712 290.2294  69.8197 15.72799207 63906
1 42732U 98067MM  18190.57180154  .00021910  00000-0  16248-3 0  9995
2 42732  51.6340 240.6865 0004734 291.2812  68.7680 15.72806835 63934
1 42732U 98067MM  18191.14363711  .00025055  00000-0  18488-3 0  9993
2 42732  51.6338 237.7546 0004703 293.2332  66.8171 15.72834196 64025
1 42732U 98067MM  18191.52485560  .00024546  00000-0  18110-3 0  9998
2 42732  51.6337 235.8008 0004727 295.3584  64.6924 15.72850298 64083
1 42732U 98067MM  18191.58839143  .00025210  00000-0  18583-3 0  9997
2 42732  51.6335 235.4750 0004741 295.6145  64.4363 15.72854247 64097
1 42732U 98067MM  18192.16020944  .00026013  00000-0  19136-3 0  9990
2 42732  51.6335 232.5429 0004701 297.5574  62.4947 15.72882902 64186
1 42732U 98067MM  18192.47788173  .00027240  00000-0  20001-3 0  9995
2 42732  51.6333 230.9147 0004738 299.5815  60.4711 15.72898794 64232
1 42732U 98067MM  18192.54141581  .00023973  00000-0  17662-3 0  9997
2 42732  51.6332 230.5889 0004754 299.7465  60.3060 15.72899562 64242
1 42732U 98067MM  18193.11321705  .00025639  00000-0  18831-3 0  9999
2 42732  51.6329 227.6566 0004720 301.2715  58.7821 15.72928781 64339
1 42732U 98067MM  18193.36734778  .00024017  00000-0  17664-3 0  9996
2 42732  51.6328 226.3539 0004745 302.7135  57.3405 15.72939294 64371
1 42732U 98067MM  18193.49441226  .00024205  00000-0  17793-3 0  9995
2 42732  51.6327 225.7025 0004756 303.2369  56.8174 15.72946084 64394
1 42732U 98067MM  18194.19325611  .00025219  00000-0  18486-3 0  9998
2 42732  51.6324 222.1186 0004724 305.3733  54.6823 15.72985962 64501
1 42732U 98067MM  18194.44737729  .00025187  00000-0  18453-3 0  9991
2 42732  51.6323 220.8158 0004753 307.3548  52.7018 15.72999320 64544
1 42732U 98067MM  18194.70149609  .00023426  00000-0  17188-3 0  9992
2 42732  51.6322 219.5123 0004763 308.2410  51.8159 15.73012046 64581
1 42732U 98067MM  18195.14619876  .00024319  00000-0  17806-3 0  9998
2 42732  51.6321 217.2315 0004772 309.9542  50.1037 15.73036008 64651
1 42732U 98067MM  18195.46383977  .00024382  00000-0  17839-3 0  9999
2 42732  51.6320 215.6028 0004805 311.5938  48.4649 15.73051833 64706
1 42732U 98067MM  18195.59089064  .00032470  00000-0  23562-3 0  9990
2 42732  51.6318 214.9510 0004858 311.7493  48.3090 15.73075295 64726
1 42732U 98067MM  18196.03558415  .00025429  00000-0  18558-3 0  9996
2 42732  51.6319 212.6695 0004780 313.4778  46.5822 15.73084271 64799
1 42732U 98067MM  18196.41674169  .00022124  00000-0  16199-3 0  9991
2 42732  51.6321 210.7155 0004784 315.2071  44.8541 15.73100559 64856
1 42732U 98067MM  18196.54378868  .00028920  00000-0  21002-3 0  9991
2 42732  51.6320 210.0635 0004744 315.2028  44.8587 15.73122320 64871
1 42732U 98067MM  18196.92493577  .00029901  00000-0  21674-3 0  9993
2 42732  51.6320 208.1081 0004699 316.2761  43.7865 15.73146959 64936
1 42732U 98067MM  18197.43313762  .00025675  00000-0  18676-3 0  9999
2 42732  51.6324 205.5022 0004785 318.6695  41.3941 15.73155438 65015
1 42732U 98067MM  18197.56018424  .00029757  00000-0  21554-3 0  9994
2 42732  51.6323 204.8504 0004809 319.1547  40.9091 15.73166800 65038
1 42732U 98067MM  18198.19540817  .00032682  00000-0  23578-3 0  9999
2 42732  51.6326 201.5921 0004815 321.2658  38.7995 15.73208881 65137
1 42732U 98067MM  18198.44949335  .00030951  00000-0  22343-3 0  9991
2 42732  51.6327 200.2889 0004865 322.1767  37.8890 15.73223592 65177
1 42732U 98067MM  18198.57653443  .00032021  00000-0  23087-3 0  9993
2 42732  51.6327 199.6371 0004870 322.6079  37.4580 15.73234183 65193
1 42732U 98067MM  18199.21173126  .00030434  00000-0  21932-3 0  9993
2 42732  51.6327 196.3778 0004832 324.7232  35.3447 15.73273933 65296
1 42732U 98067MM  18199.52932436  .00024321  00000-0  17618-3 0  9998
2 42732  51.6326 194.7483 0004772 325.7177  34.3513 15.73288400 65346
1 42732U 98067MM  18203.53067465  .00032307  00000-0  22992-3 0  9990
2 42732  51.6319 174.2167 0004619 339.7799  20.3017 15.73535835 65975
1 42732U 98067MM  18205.11833858  .00028598  00000-0  20338-3 0  9992
2 42732  51.6322 166.0687 0004581 345.2607  14.8258 15.73621366 66222
1 42732U 98067MM  18205.43586143  .00032895  00000-0  23296-3 0  9990
2 42732  51.6322 164.4391 0004578 346.3997  13.6878 15.73641377 66270
1 42732U 98067MM  18206.89641774  .00028468  00000-0  20159-3 0  9999
2 42732  51.6329 156.9417 0004474 351.0457   9.0461 15.73724413 66507
1 42732U 98067MM  18207.84891343  .00024208  00000-0  17181-3 0  9993
2 42732  51.6334 152.0522 0004472 354.9276   5.1677 15.73773299 66654
1 42732U 98067MM  18208.86488155  .00020807  00000-0  14809-3 0  9994
2 42732  51.6339 146.8363 0004503 359.2155   0.8836 15.73813747 66812
1 42732U 98067MM  18209.81732675  .00020325  00000-0  14453-3 0  9999
2 42732  51.6341 141.9463 0004474   2.3708 357.7311 15.73853142 66960
1 42732U 98067MM  18210.38878148  .00022562  00000-0  15972-3 0  9991
2 42732  51.6342 139.0126 0004472   3.8708 356.2325 15.73880753 67057
1 42732U 98067MM  18211.78562673  .00025471  00000-0  17913-3 0  9998
2 42732  51.6342 131.8402 0004471   9.2413 350.8668 15.73954250 67274
1 42732U 98067MM  18212.16657330  .00029446  00000-0  20611-3 0  9991
2 42732  51.6342 129.8846 0004507  10.1363 349.9726 15.73976094 67339
1 42732U 98067MM  18212.35704443  .00028441  00000-0  19916-3 0  9990
2 42732  51.6342 128.9061 0004504  10.7242 349.3852 15.73986549 67360
1 42732U 98067MM  18212.80147279  .00024800  00000-0  17414-3 0  9994
2 42732  51.6343 126.6235 0004456  12.4829 347.6279 15.74007255 67436
1 42732U 98067MM  18213.18240582  .00030554  00000-0  21317-3 0  9997
2 42732  51.6343 124.6677 0004508  13.5155 346.5964 15.74031574 67492
1 42732U 98067MM  18213.30938216  .00029759  00000-0  20769-3 0  9994
2 42732  51.6341 124.0153 0004492  13.8362 346.2759 15.74038786 67512
1 42732U 98067MM  18213.75379612  .00023430  00000-0  16444-3 0  9997
2 42732  51.6342 121.7326 0004442  15.5542 344.5592 15.74057386 67583
1 42732U 98067MM  18213.88077051  .00025093  00000-0  17571-3 0  9992
2 42732  51.6342 121.0806 0004460  15.8593 344.2545 15.74064453 67609
1 42732U 98067MM  18214.13471742  .00025720  00000-0  17988-3 0  9995
2 42732  51.6342 119.7767 0004465  16.4408 343.6736 15.74077442 67647
1 42732U 98067MM  18214.76957548  .00026357  00000-0  18395-3 0  9997
2 42732  51.6342 116.5152 0004406  18.7601 341.3560 15.74111042 67741
1 42732U 98067MM  18215.15048395  .00024402  00000-0  17054-3 0  9992
2 42732  51.6343 114.5593 0004428  19.4070 340.7096 15.74128825 67802
1 42732U 98067MM  18215.84880448  .00026591  00000-0  18511-3 0  9991
2 42732  51.6343 110.9720 0004378  21.6798 338.4386 15.74165236 67915
1 42732U 98067MM  18216.10273543  .00026583  00000-0  18496-3 0  9996
2 42732  51.6342 109.6678 0004381  21.9832 338.1354 15.74177265 67958
1 42732U 98067MM  18216.22969994  .00024117  00000-0  16821-3 0  9992
2 42732  51.6340 109.0150 0004363  22.5989 337.5202 15.74183251 67974
1 42732U 98067MM  18216.73755382  .00024169  00000-0  16839-3 0  9998
2 42732  51.6342 106.4058 0004329  24.5453 335.5752 15.74207775 68050
1 42732U 98067MM  18217.11843940  .00024372  00000-0  16964-3 0  9994
2 42732  51.6344 104.4496 0004368  25.3896 334.7317 15.74224338 68118
1 42732U 98067MM  18217.24539972  .00022140  00000-0  15451-3 0  9996
2 42732  51.6345 103.7967 0004276  27.5503 332.5722 15.74229772 68136
1 42732U 98067MM  18217.75323866  .00023337  00000-0  16244-3 0  9995
2 42732  51.6347 101.1877 0004236  29.3721 330.7516 15.74253127 68219
1 42732U 98067MM  18218.19759089  .00021803  00000-0  15194-3 0  9993
2 42732  51.6348  98.9053 0004271  30.1529 329.9716 15.74274215 68284
1 42732U 98067MM  18218.83236971  .00024167  00000-0  16767-3 0  9997
2 42732  51.6350  95.6442 0004298  31.9371 328.1888 15.74306075 68388
1 42732U 98067MM  18219.02280077  .00025861  00000-0  17900-3 0  9997
2 42732  51.6352  94.6660 0004336  32.2012 327.9251 15.74316809 68411
1 42732U 98067MM  18219.78451399  .00025521  00000-0  17643-3 0  9994
2 42732  51.6353  90.7523 0004323  33.8583 326.2692 15.74353516 68533
1 42732U 98067MM  18220.22883779  .00028605  00000-0  19694-3 0  9990
2 42732  51.6351  88.4697 0004345  34.7009 325.4273 15.74379453 68606
1 42732U 98067MM  18220.73662828  .00026910  00000-0  18536-3 0  9997
2 42732  51.6352  85.8602 0004301  36.9772 323.1523 15.74404806 68689
1 42732U 98067MM  18221.18093715  .00029215  00000-0  20058-3 0  9993
2 42732  51.6351  83.5773 0004325  37.5120 322.6181 15.74431897 68754
1 42732U 98067MM  18221.75218089  .00028015  00000-0  19228-3 0  9993
2 42732  51.6352  80.6413 0004333  39.3163 320.8150 15.74463617 68841
1 42732U 98067MM  18222.00606353  .00027361  00000-0  18780-3 0  9992
2 42732  51.6351  79.3368 0004387  39.8263 320.3058 15.74476926 68882
1 42732U 98067MM  18222.13300287  .00029263  00000-0  20041-3 0  9999
2 42732  51.6351  78.6844 0004372  39.9058 320.2262 15.74488358 68901
1 42732U 98067MM  18222.70422649  .00026890  00000-0  18432-3 0  9993
2 42732  51.6350  75.7484 0004323  41.9508 318.1821 15.74518637 68997
1 42732U 98067MM  18223.21197046  .00029831  00000-0  20366-3 0  9997
2 42732  51.6348  73.1386 0004330  43.0125 317.1212 15.74550306 69075
1 42732U 98067MM  18223.78317097  .00030723  00000-0  20930-3 0  9998
2 42732  51.6347  70.2026 0004327  44.7051 315.4296 15.74584265 69169
1 42732U 98067MM  18224.03703329  .00036768  00000-0  24924-3 0  9996
2 42732  51.6345  68.8980 0004240  45.1395 314.9948 15.74604939 69203
1 42732U 98067MM  18224.79860501  .00029688  00000-0  20186-3 0  9994
2 42732  51.6345  64.9830 0004215  47.4786 312.6569 15.74648142 69326
1 42732U 98067MM  18225.94091859  .00030643  00000-0  20755-3 0  9999
2 42732  51.6347  59.1096 0004195  51.0247 309.1126 15.74720390 69504
1 42732U 98067MM  18226.76589357  .00027119  00000-0  18390-3 0  9991
2 42732  51.6347  54.8686 0004156  52.7307 307.4070 15.74764417 69634
1 42732U 98067MM  18227.08318623  .00025491  00000-0  17303-3 0  9997
2 42732  51.6348  53.2373 0004208  51.4208 308.7167 15.74779542 69686
1 42732U 98067MM  18227.46393207  .00027303  00000-0  18483-3 0  9994
2 42732  51.6345  51.2797 0004084  54.1283 306.0095 15.74800597 69749
1 42732U 98067MM  18227.78121620  .00032891  00000-0  22143-3 0  9993
2 42732  51.6346  49.6488 0004113  53.9932 306.1449 15.74822444 69793
1 42732U 98067MM  18228.03503896  .00038492  00000-0  25797-3 0  9992
2 42732  51.6344  48.3436 0004111  54.4333 305.7049 15.74847009 69839
1 42732U 98067MM  18228.54267355  .00042768  00000-0  28542-3 0  9997
2 42732  51.6345  45.7323 0004075  56.5641 303.5747 15.74895165 69916
1 42732U 98067MM  18228.85993735  .00041757  00000-0  27846-3 0  9992
2 42732  51.6345  44.1009 0004068  56.7729 303.3659 15.74923769 69968
1 42732U 98067MM  18228.92338946  .00041982  00000-0  27986-3 0  9992
2 42732  51.6346  43.7747 0004059  56.9752 303.1637 15.74929748 69979
1 42732U 98067MM  18229.05029243  .00045928  00000-0  30541-3 0  9999
2 42732  51.6346  43.1220 0004046  57.0539 303.0849 15.74945830 69996
1 42732U 98067MM  18229.87514240  .00037229  00000-0  24791-3 0  9990
2 42732  51.6347  38.8799 0004024  58.9284 301.2110 15.75011963 70122
1 42732U 98067MM  18229.93859089  .00039407  00000-0  26201-3 0  9998
2 42732  51.6348  38.5532 0004084  58.5900 301.5498 15.75019656 70132
1 42732U 98067MM  18230.69995435  .00043070  00000-0  28501-3 0  9995
2 42732  51.6345  34.6374 0003978  60.4640 299.6756 15.75087810 70258
1 42732U 98067MM  18231.08062496  .00038806  00000-0  25701-3 0  9991
2 42732  51.6345  32.6794 0003967  60.9744 299.1653 15.75117220 70317
1 42732U 98067MM  18231.46128827  .00037235  00000-0  24651-3 0  9992
2 42732  51.6345  30.7212 0003961  61.4007 298.7391 15.75146661 70374
1 42732U 98067MM  18231.58817442  .00035767  00000-0  23691-3 0  9994
2 42732  51.6344  30.0685 0003959  61.5763 298.5635 15.75155068 70399
1 42732U 98067MM  18231.84194466  .00036872  00000-0  24386-3 0  9997
2 42732  51.6344  28.7631 0003961  62.0737 298.0663 15.75174833 70436
1 42732U 98067MM  18231.90538650  .00037809  00000-0  24986-3 0  9998
2 42732  51.6343  28.4367 0003929  62.1089 298.0308 15.75180793 70442
1 42732U 98067MM  18232.47635516  .00042040  00000-0  27662-3 0  9997
2 42732  51.6342  25.4990 0003936  63.3371 296.8031 15.75229783 70537
1 42732U 98067MM  18232.79355275  .00053678  00000-0  35112-3 0  9991
2 42732  51.6334  23.8668 0003962  63.5429 296.5977 15.75258537 70587
1 42732U 98067MM  18234.82349630  .00030325  00000-0  19948-3 0  9998
2 42732  51.6342  13.4210 0004034  67.1632 292.9794 15.75402123 70906
1 42732U 98067MM  18235.39438580  .00032678  00000-0  21421-3 0  9996
2 42732  51.6342  10.4827 0004029  68.4191 291.7237 15.75441662 70994
1 42732U 98067MM  18235.83840191  .00031108  00000-0  20393-3 0  9994
2 42732  51.6338   8.1975 0003894  69.5039 290.6379 15.75467504 71066
1 42732U 98067MM  18236.47269665  .00028760  00000-0  18858-3 0  9999
2 42732  51.6338   4.9325 0003887  72.1149 288.0275 15.75507350 71164
1 42732U 98067MM  18254.09686495  .00032484  00000-0  19958-3 0  9991
2 42732  51.6309 274.1106 0003961 114.3330 245.8084 15.76925696 73949
1 42732U 98067MM  18254.47708532  .00060385  00000-0  36538-3 0  9994
2 42732  51.6310 272.1491 0003969 116.0439 244.0970 15.76986764 74009
1 42732U 98067MM  18254.54045426  .00060326  00000-0  36490-3 0  9990
2 42732  51.6310 271.8223 0003977 116.1698 243.9712 15.76994895 74012
1 42732U 98067MM  18255.17412270  .00046837  00000-0  28355-3 0  9997
2 42732  51.6311 268.5535 0003956 118.8118 241.3280 15.77082199 74114
1 42732U 98067MM  18255.49094533  .00048496  00000-0  29286-3 0  9997
2 42732  51.6314 266.9183 0004088 119.2566 240.8844 15.77122578 74168
1 42732U 98067MM  18255.55430883  .00048958  00000-0  29551-3 0  9994
2 42732  51.6314 266.5914 0004092 119.8213 240.3194 15.77129498 74178
1 42732U 98067MM  18256.18793033  .00044837  00000-0  27034-3 0  9999
2 42732  51.6314 263.3221 0004044 121.2378 238.9019 15.77193117 74279
1 42732U 98067MM  18256.50473109  .00053917  00000-0  32340-3 0  9999
2 42732  51.6316 261.6871 0004101 123.2096 236.9298 15.77230485 74329
1 42732U 98067MM  18256.63144913  .00052620  00000-0  31559-3 0  9992
2 42732  51.6317 261.0334 0004087 124.3694 235.7693 15.77243093 74344
1 42732U 98067MM  18257.20166706  .00066188  00000-0  39411-3 0  9999
2 42732  51.6318 258.0905 0004049 126.6530 233.4843 15.77312359 74431
1 42732U 98067MM  18257.45508915  .00065803  00000-0  39131-3 0  9990
2 42732  51.6317 256.7822 0004129 128.3572 231.7800 15.77343388 74471
1 42732U 98067MM  18257.58179854  .00052336  00000-0  31239-3 0  9998
2 42732  51.6317 256.1285 0004124 128.4605 231.6766 15.77352924 74499
1 42732U 98067MM  18258.21532848  .00060198  00000-0  35723-3 0  9992
2 42732  51.6318 252.8586 0004102 131.2689 228.8665 15.77426356 74595
1 42732U 98067MM  18259.22891939  .00046989  00000-0  27889-3 0  9999
2 42732  51.6318 247.6260 0004119 135.7775 224.3555 15.77526718 74759
1 42732U 98067MM  18259.54565439  .00047847  00000-0  28352-3 0  9997
2 42732  51.6319 245.9910 0004191 136.7943 223.3387 15.77555322 74802
1 42732U 98067MM  18260.17910896  .00043156  00000-0  25569-3 0  9995
2 42732  51.6321 242.7205 0004106 138.2126 221.9188 15.77604721 74905
1 42732U 98067MM  18260.55917041  .00048368  00000-0  28544-3 0  9992
2 42732  51.6319 240.7580 0004168 139.7585 220.3724 15.77642528 74961
1 42732U 98067MM  18261.19258627  .00047546  00000-0  27993-3 0  9995
2 42732  51.6319 237.4871 0004196 142.6176 217.5117 15.77702781 75061
1 42732U 98067MM  18261.38260617  .00047088  00000-0  27705-3 0  9990
2 42732  51.6319 236.5058 0004210 143.2014 216.9276 15.77721615 75092
1 42732U 98067MM  18262.14266297  .00043193  00000-0  25377-3 0  9991
2 42732  51.6319 232.5806 0004249 146.8082 213.3186 15.77792656 75213
1 42732U 98067MM  18262.39600765  .00047954  00000-0  28081-3 0  9994
2 42732  51.6318 231.2723 0004259 148.1650 211.9608 15.77820203 75250
1 42732U 98067MM  18263.15602182  .00040028  00000-0  23464-3 0  9999
2 42732  51.6318 227.3467 0004267 151.3997 208.7238 15.77879086 75379
1 42732U 98067MM  18263.28268804  .00036424  00000-0  21388-3 0  9990
2 42732  51.6318 226.6925 0004274 151.8735 208.2497 15.77886670 75394
1 42732U 98067MM  18263.40935336  .00036336  00000-0  21327-3 0  9990
2 42732  51.6317 226.0379 0004322 152.3871 207.7360 15.77897453 75418
1 42732U 98067MM  18264.73929459  .00036601  00000-0  21384-3 0  9994
2 42732  51.6318 219.1675 0004397 158.2703 201.8485 15.77996627 75621
1 42732U 98067MM  18265.30924258  .00062783  00000-0  36188-3 0  9998
2 42732  51.6318 216.2230 0004383 160.6557 199.4611 15.78061397 75716
1 42732U 98067MM  18265.87916722  .00059263  00000-0  34103-3 0  9991
2 42732  51.6320 213.2781 0004416 163.3029 196.8118 15.78121534 75801
1 42732U 98067MM  18266.32242283  .00075427  00000-0  43085-3 0  9995
2 42732  51.6321 210.9879 0004463 165.4426 194.6704 15.78190246 75870
1 42732U 98067MM  18266.89229613  .00069737  00000-0  39751-3 0  9991
2 42732  51.6321 208.0434 0004407 167.7945 192.3163 15.78268440 75960
1 42732U 98067MM  18267.46214204  .00071083  00000-0  40370-3 0  9991
2 42732  51.6322 205.0981 0004489 170.1162 189.9928 15.78342111 76054
1 42732U 98067MM  18267.90533937  .00054079  00000-0  30806-3 0  9996
2 42732  51.6319 202.8073 0004514 172.8855 187.2210 15.78384826 76126
1 42732U 98067MM  18268.41183435  .00052166  00000-0  29665-3 0  9993
2 42732  51.6322 200.1888 0004588 175.2389 184.8656 15.78438377 76202
1 42732U 98067MM  18269.23485384  .00048455  00000-0  27491-3 0  9993
2 42732  51.6321 195.9340 0004554 179.1198 180.9812 15.78521420 76336
1 42732U 98067MM  18271.00736498  .00047392  00000-0  26691-3 0  9996
2 42732  51.6322 186.7687 0004456 187.0279 173.0660 15.78695673 76615
1 42732U 98067MM  18271.26056498  .00051558  00000-0  28954-3 0  9992
2 42732  51.6320 185.4591 0004456 188.3904 171.7023 15.78723258 76655
1 42732U 98067MM  18271.95684532  .00044228  00000-0  24845-3 0  9995
2 42732  51.6317 181.8581 0004490 191.7230 168.3667 15.78783239 76761
1 42732U 98067MM  18272.14673486  .00045447  00000-0  25494-3 0  9998
2 42732  51.6316 180.8760 0004472 192.5323 167.5567 15.78802555 76796
1 42732U 98067MM  18272.33662223  .00044298  00000-0  24842-3 0  9995
2 42732  51.6316 179.8939 0004481 193.3542 166.7341 15.78820439 76820
1 42732U 98067MM  18272.90626910  .00052903  00000-0  29479-3 0  9994
2 42732  51.6315 176.9473 0004494 196.0865 163.9994 15.78884995 76912
1 42732U 98067MM  18273.15943839  .00053616  00000-0  29831-3 0  9998
2 42732  51.6315 175.6376 0004497 196.9669 163.1182 15.78912963 76956
1 42732U 98067MM  18273.34931189  .00052334  00000-0  29101-3 0  9990
2 42732  51.6313 174.6558 0004534 198.2467 161.8372 15.78935781 76980
1 42732U 98067MM  18273.85562802  .00045251  00000-0  25166-3 0  9995
2 42732  51.6311 172.0362 0004525 200.8996 159.1821 15.78995638 77066
1 42732U 98067MM  18274.10878185  .00045811  00000-0  25451-3 0  9997
2 42732  51.6310 170.7257 0004626 201.7933 158.2872 15.79012936 77109
1 42732U 98067MM  18274.17206923  .00043680  00000-0  24282-3 0  9992
2 42732  51.6311 170.3982 0004598 202.1359 157.9444 15.79020801 77118
1 42732U 98067MM  18274.74164756  .00045934  00000-0  25451-3 0  9995
2 42732  51.6308 167.4515 0004563 205.3442 154.7336 15.79071397 77204
1 42732U 98067MM  18275.12135519  .00054048  00000-0  29796-3 0  9995
2 42732  51.6312 165.4858 0004565 206.6356 153.4411 15.79113435 77263
1 42732U 98067MM  18275.18463870  .00058912  00000-0  32410-3 0  9996
2 42732  51.6312 165.1585 0004564 206.8098 153.2667 15.79124138 77275
1 42732U 98067MM  18276.07058147  .00049795  00000-0  27374-3 0  9994
2 42732  51.6314 160.5736 0004597 210.5068 149.5666 15.79210288 77414
1 42732U 98067MM  18276.70336714  .00044846  00000-0  24638-3 0  9995
2 42732  51.6317 157.2981 0004623 213.0620 147.0093 15.79270056 77511
1 42732U 98067MM  18279.23427624  .00050157  00000-0  27201-3 0  9998
2 42732  51.6320 144.1970 0004658 226.0069 134.0549 15.79507184 77918
1 42732U 98067MM  18279.80368048  .00045600  00000-0  24724-3 0  9999
2 42732  51.6318 141.2486 0004686 228.5160 131.5440 15.79553897 78000
1 42732U 98067MM  18279.86694681  .00040607  00000-0  22069-3 0  9992
2 42732  51.6318 140.9210 0004682 228.8672 131.1926 15.79554906 78016
1 42732U 98067MM  18281.19547661  .00080687  00000-0  42971-3 0  9992
2 42732  51.6312 134.0409 0004727 236.1610 123.8942 15.79715191 78222
1 42732U 98067MM  18281.76479767  .00073413  00000-0  39008-3 0  9992
2 42732  51.6309 131.0919 0004749 238.4022 121.6516 15.79802413 78314
