1 42732U 98067MM  18284.80064957  .00069049  00000-0  35963-3 0  9997
2 42732  51.6298 115.3594 0005081 253.6265 106.4178 15.80262721 78794
1 42732U 98067MM  18285.74917406  .00060005  00000-0  31143-3 0  9996
2 42732  51.6303 110.4427 0005033 259.7181 100.3253 15.80395980 78941
1 42732U 98067MM  18286.00209969  .00062687  00000-0  32449-3 0  9992
2 42732  51.6302 109.1304 0005032 259.6168 100.4266 15.80435974 78989
1 42732U 98067MM  18288.91029190  .00078665  00000-0  39695-3 0  9993
2 42732  51.6313  94.0471 0005209 277.5135  82.5275 15.80901230 79442
1 42732U 98067MM  18289.47918605  .00087641  00000-0  43956-3 0  9992
2 42732  51.6311  91.0960 0005267 281.5940  78.4470 15.80990732 79539
1 42732U 98067MM  18289.92163766  .00079051  00000-0  39602-3 0  9991
2 42732  51.6313  88.7994 0005284 283.7528  76.2886 15.81056158 79607
1 42732U 98067MM  18290.49047791  .00066523  00000-0  33312-3 0  9996
2 42732  51.6310  85.8473 0005323 286.2605  73.7812 15.81132299 79693
1 42732U 98067MM  18290.68008514  .00062861  00000-0  31476-3 0  9997
2 42732  51.6312  84.8629 0005363 286.8867  73.1547 15.81156087 79721
1 42732U 98067MM  18291.05929103  .00065466  00000-0  32683-3 0  9990
2 42732  51.6311  82.8948 0005371 288.8354  71.2066 15.81204382 79787
1 42732U 98067MM  18291.50168266  .00061934  00000-0  30868-3 0  9994
2 42732  51.6309  80.5985 0005447 291.5709  68.4712 15.81262132 79850
1 42732U 98067MM  18291.81766733  .00065136  00000-0  32375-3 0  9994
2 42732  51.6310  78.9576 0005466 292.5154  67.5269 15.81301508 79909
1 42732U 98067MM  18291.88086309  .00066712  00000-0  33127-3 0  9992
2 42732  51.6311  78.6297 0005475 292.9257  67.1167 15.81312281 79919
1 42732U 98067MM  18292.00725478  .00066761  00000-0  33135-3 0  9997
2 42732  51.6310  77.9734 0005467 293.3683  66.6744 15.81322913 79935
1 42732U 98067MM  18292.51280700  .00055964  00000-0  27789-3 0  9998
2 42732  51.6307  75.3486 0005569 296.8777  63.1655 15.81383253 80010
1 42732U 98067MM  18293.20791047  .00061598  00000-0  30416-3 0  9997
2 42732  51.6308  71.7395 0005614 300.6426  59.4022 15.81464725 80128
1 42732U 98067MM  18293.46066682  .00056428  00000-0  27872-3 0  9993
2 42732  51.6307  70.4265 0005653 301.8177  58.2274 15.81493409 80169
1 42732U 98067MM  18293.58704326  .00056712  00000-0  27992-3 0  9999
2 42732  51.6308  69.7700 0005651 302.1416  57.9037 15.81506994 80182
1 42732U 98067MM  18293.83979328  .00061086  00000-0  30071-3 0  9995
2 42732  51.6308  68.4570 0005637 303.1903  56.8558 15.81534181 80229
1 42732U 98067MM  18295.16664593  .00071171  00000-0  34652-3 0  9993
2 42732  51.6313  61.5660 0005843 310.8684  49.1812 15.81709661 80437
1 42732U 98067MM  18295.79842450  .00072716  00000-0  35231-3 0  9992
2 42732  51.6315  58.2832 0005853 313.6422  46.4095 15.81807072 80534
1 42732U 98067MM  18296.49333741  .00070337  00000-0  33934-3 0  9993
2 42732  51.6317  54.6728 0005964 317.2813  42.7725 15.81910733 80647
1 42732U 98067MM  18296.74602156  .00073679  00000-0  35453-3 0  9990
2 42732  51.6318  53.3595 0005932 318.0003  42.0544 15.81949196 80682
1 42732U 98067MM  18297.50403885  .00073259  00000-0  35073-3 0  9995
2 42732  51.6321  49.4204 0006062 322.3544  37.7033 15.82059287 80804
1 42732U 98067MM  18297.75670004  .00074306  00000-0  35508-3 0  9998
2 42732  51.6322  48.1070 0006034 323.4136  36.6454 15.82094173 80842
1 42732U 98067MM  18298.76729028  .00081833  00000-0  38787-3 0  9996
2 42732  51.6323  42.8544 0006154 328.2758  31.7873 15.82230613 81007
1 42732U 98067MM  18299.46201918  .00070902  00000-0  33537-3 0  9990
2 42732  51.6323  39.2431 0006305 331.6618  28.4041 15.82329032 81119
1 42732U 98067MM  18301.67225205  .00059943  00000-0  28066-3 0  9995
2 42732  51.6318  27.7487 0006405 341.9463  18.1312 15.82612744 81469
1 42732U 98067MM  18302.24053479  .00057984  00000-0  27082-3 0  9991
2 42732  51.6317  24.7933 0006553 344.7725  15.3079 15.82677668 81552
1 42732U 98067MM  18302.49309773  .00054244  00000-0  25340-3 0  9990
2 42732  51.6318  23.4788 0006491 345.4625  14.6190 15.82701608 81597
1 42732U 98067MM  18302.68251745  .00056004  00000-0  26120-3 0  9999
2 42732  51.6318  22.4933 0006479 346.4670  13.6158 15.82722973 81620
1 42732U 98067MM  18303.18762579  .00054222  00000-0  25246-3 0  9995
2 42732  51.6316  19.8661 0006629 348.9915  11.0941 15.82771167 81702
1 42732U 98067MM  18303.44017356  .00050930  00000-0  23715-3 0  9991
2 42732  51.6318  18.5516 0006593 349.9279  10.1590 15.82796489 81741
1 42732U 98067MM  18304.07152433  .00051595  00000-0  23940-3 0  9995
2 42732  51.6320  15.2673 0006756 353.0019   7.0888 15.82864545 81846
1 42732U 98067MM  18304.45032110  .00049649  00000-0  23009-3 0  9999
2 42732  51.6319  13.2953 0006710 354.5818   5.5111 15.82907394 81905
1 42732U 98067MM  18304.76597764  .00051696  00000-0  23899-3 0  9996
2 42732  51.6320  11.6525 0006685 356.3847   3.7106 15.82942892 81958
1 42732U 98067MM  18305.20788412  .00055548  00000-0  25579-3 0  9995
2 42732  51.6318   9.3531 0006740 358.1549   1.9427 15.82995876 82022
1 42732U 98067MM  18307.41717925  .00061999  00000-0  28109-3 0  9990
2 42732  51.6318 357.8522 0006779   8.5435 351.5682 15.83281857 82378
1 42732U 98067MM  18307.60652878  .00066294  00000-0  29977-3 0  9993
2 42732  51.6318 356.8662 0006777   9.7105 350.4028 15.83311110 82409
1 42732U 98067MM  18308.17455973  .00063847  00000-0  28793-3 0  9999
2 42732  51.6315 353.9091 0006882  11.8340 348.2823 15.83382099 82493
1 42732U 98067MM  18308.49012069  .00065399  00000-0  29421-3 0  9992
2 42732  51.6316 352.2653 0006827  13.5428 346.5757 15.83424768 82548
1 42732U 98067MM  18308.55323205  .00066045  00000-0  29694-3 0  9997
2 42732  51.6316 351.9367 0006827  13.9770 346.1420 15.83433580 82556
1 42732U 98067MM  18309.18432175  .00074752  00000-0  33365-3 0  9998
2 42732  51.6313 348.6503 0006957  16.4202 343.7025 15.83538037 82658
1 42732U 98067MM  18309.49984752  .00094529  00000-0  41865-3 0  9993
2 42732  51.6312 347.0061 0006914  18.4100 341.7152 15.83612090 82708
1 42732U 98067MM  18309.56295101  .00104300  00000-0  46067-3 0  9992
2 42732  51.6313 346.6776 0006921  18.3913 341.7339 15.83630793 82714
1 42732U 98067MM  18310.13085407  .00110968  00000-0  48634-3 0  9992
2 42732  51.6308 343.7192 0006974  20.8223 339.3063 15.83768861 82803
1 42732U 98067MM  18310.32014477  .00095688  00000-0  41982-3 0  9992
2 42732  51.6310 342.7327 0006951  21.5239 338.6055 15.83805425 82839
1 42732U 98067MM  18311.07726554  .00087737  00000-0  38299-3 0  9994
2 42732  51.6306 338.7873 0007051  24.9855 335.1488 15.83944870 82951
1 42732U 98067MM  18311.45580177  .00081031  00000-0  35321-3 0  9999
2 42732  51.6305 336.8133 0006967  27.1204 333.0162 15.84006817 83011
1 42732U 98067MM  18312.14974729  .00081897  00000-0  35500-3 0  9995
2 42732  51.6303 333.1962 0006992  30.0993 330.0411 15.84119561 83122
1 42732U 98067MM  18312.33899640  .00082900  00000-0  35877-3 0  9997
2 42732  51.6304 332.2090 0006933  31.1523 328.9890 15.84149521 83150
1 42732U 98067MM  18312.52824193  .00078552  00000-0  33978-3 0  9997
2 42732  51.6305 331.2221 0006910  32.3451 327.7975 15.84181029 83187
1 42732U 98067MM  18313.22211086  .00072451  00000-0  31223-3 0  9999
2 42732  51.6302 327.6044 0006962  34.8406 325.3052 15.84289775 83299
1 42732U 98067MM  18313.28518770  .00071360  00000-0  30750-3 0  9997
2 42732  51.6303 327.2756 0006964  34.6352 325.5103 15.84297482 83301
1 42732U 98067MM  18313.85286128  .00070361  00000-0  30207-3 0  9996
2 42732  51.6303 324.3159 0006982  37.3729 322.7759 15.84380874 83397
1 42732U 98067MM  18314.16822087  .00087500  00000-0  37304-3 0  9999
2 42732  51.6302 322.6706 0006955  38.8498 321.3004 15.84443219 83441
1 42732U 98067MM  18314.48356814  .00090024  00000-0  38245-3 0  9994
2 42732  51.6303 321.0253 0006918  41.0413 319.1110 15.84506380 83491
1 42732U 98067MM  18315.17728639  .00093737  00000-0  39518-3 0  9997
2 42732  51.6302 317.4064 0006970  43.0687 317.0861 15.84650739 83603
1 42732U 98067MM  18315.42953200  .00093037  00000-0  39133-3 0  9995
2 42732  51.6303 316.0901 0006926  44.6876 315.4684 15.84702060 83641
1 42732U 98067MM  18315.87094365  .00101535  00000-0  42462-3 0  9994
2 42732  51.6304 313.7875 0007010  46.1922 313.9660 15.84787535 83715
1 42732U 98067MM  18316.18622400  .00090198  00000-0  37710-3 0  9998
2 42732  51.6305 312.1415 0006922  47.7262 312.4327 15.84840491 83764
1 42732U 98067MM  18316.43844043  .00086789  00000-0  36235-3 0  9997
2 42732  51.6304 310.8248 0006913  49.3801 310.7803 15.84884048 83800
1 42732U 98067MM  18316.87980175  .00093960  00000-0  39021-3 0  9997
2 42732  51.6304 308.5222 0006945  51.1393 309.0230 15.84963909 83874
1 42732U 98067MM  18317.19504549  .00090872  00000-0  37654-3 0  9999
2 42732  51.6304 306.8759 0006893  52.4179 307.7450 15.85024191 83925
1 42732U 98067MM  18317.44723243  .00090897  00000-0  37579-3 0  9994
2 42732  51.6304 305.5593 0006880  53.9256 306.2384 15.85071511 83967
1 42732U 98067MM  18317.82549980  .00087925  00000-0  36265-3 0  9999
2 42732  51.6304 303.5854 0006920  55.0280 305.1372 15.85132622 84024
1 42732U 98067MM  18318.20375201  .00083045  00000-0  34189-3 0  9997
2 42732  51.6303 301.6097 0006827  56.7350 303.4307 15.85194023 84081
1 42732U 98067MM  18318.45591340  .00079089  00000-0  32533-3 0  9992
2 42732  51.6302 300.2931 0006851  58.0139 302.1530 15.85229935 84129
1 42732U 98067MM  18318.83414443  .00077868  00000-0  31964-3 0  9992
2 42732  51.6300 298.3188 0006838  59.2525 300.9151 15.85279429 84189
1 42732U 98067MM  18318.96021832  .00083932  00000-0  34368-3 0  9992
2 42732  51.6297 297.6603 0006820  59.8500 300.3179 15.85302251 84205
1 42732U 98067MM  18319.21236136  .00089418  00000-0  36501-3 0  9992
2 42732  51.6299 296.3430 0006765  61.2844 298.8839 15.85342983 84241
1 42732U 98067MM  18319.33843032  .00065555  00000-0  26898-3 0  9998
2 42732  51.6297 295.6842 0006748  62.3570 297.8118 15.85356027 84262
1 42732U 98067MM  18319.96875623  .00075945  00000-0  30941-3 0  9996
2 42732  51.6295 292.3925 0006724  64.9179 295.2522 15.85446505 84366
1 42732U 98067MM  18320.22087645  .00086170  00000-0  34961-3 0  9994
2 42732  51.6295 291.0749 0006685  66.4473 293.7233 15.85484676 84404
1 42732U 98067MM  18320.28390527  .00077295  00000-0  31411-3 0  9991
2 42732  51.6294 290.7455 0006677  67.0970 293.0738 15.85492936 84415
1 42732U 98067MM  18320.85115170  .00080390  00000-0  32517-3 0  9991
2 42732  51.6295 287.7827 0006731  68.5086 291.6635 15.85573737 84509
1 42732U 98067MM  18321.16627509  .00086431  00000-0  34830-3 0  9992
2 42732  51.6295 286.1355 0006675  70.8093 289.3633 15.85623936 84553
1 42732U 98067MM  18322.17460568  .00092429  00000-0  36918-3 0  9997
2 42732  51.6294 280.8662 0006638  76.2351 283.9391 15.85782021 84710
1 42732U 98067MM  18322.36365590  .00084387  00000-0  33711-3 0  9999
2 42732  51.6294 279.8781 0006647  77.6251 282.5496 15.85813782 84747
1 42732U 98067MM  18322.93078472  .00094867  00000-0  37637-3 0  9997
2 42732  51.6293 276.9144 0006621  79.5125 280.6625 15.85911554 84839
1 42732U 98067MM  18323.18283020  .00102242  00000-0  40415-3 0  9997
2 42732  51.6294 275.5963 0006590  81.2095 278.9655 15.85958014 84874
1 42732U 98067MM  18323.37185922  .00093615  00000-0  37002-3 0  9991
2 42732  51.6294 274.6081 0006609  82.6552 277.5203 15.85993642 84903
1 42732U 98067MM  18329.98522131  .00089761  00000-0  33512-3 0  9990
2 42732  51.6287 240.0045 0006185 113.9987 246.1666 15.87182044 85950
1 42732U 98067MM  18330.80369016  .00079612  00000-0  29600-3 0  9991
2 42732  51.6283 235.7183 0006111 117.4995 242.6631 15.87312646 86088
1 42732U 98067MM  18330.92960223  .00081395  00000-0  30218-3 0  9999
2 42732  51.6283 235.0585 0006128 118.4827 241.6795 15.87334281 86102
1 42732U 98067MM  18331.81094218  .00087158  00000-0  32088-3 0  9990
2 42732  51.6279 230.4413 0006085 122.7535 237.4056 15.87478649 86247
1 42732U 98067MM  18332.12568654  .00094488  00000-0  34637-3 0  9991
2 42732  51.6279 228.7916 0006140 125.0761 235.0820 15.87534651 86298
1 42732U 98067MM  18332.88102620  .00084611  00000-0  30875-3 0  9998
2 42732  51.6280 224.8338 0006047 128.2032 231.9518 15.87670169 86415
1 42732U 98067MM  18332.94396823  .00087493  00000-0  31888-3 0  9991
2 42732  51.6280 224.5038 0006044 128.4101 231.7447 15.87682002 86424
1 42732U 98067MM  18333.51042789  .00093574  00000-0  33897-3 0  9993
2 42732  51.6279 221.5356 0005994 130.4386 229.7142 15.87780366 86514
1 42732U 98067MM  18333.88804892  .00082988  00000-0  30041-3 0  9999
2 42732  51.6279 219.5557 0005961 132.3553 227.7958 15.87840439 86572
1 42732U 98067MM  18333.95098402  .00089217  00000-0  32231-3 0  9994
2 42732  51.6280 219.2256 0005977 132.9650 227.1857 15.87853436 86582
1 42732U 98067MM  18334.89496879  .00081414  00000-0  29256-3 0  9992
2 42732  51.6281 214.2770 0005842 136.8067 223.3397 15.87996902 86735
1 42732U 98067MM  18335.52424400  .00080657  00000-0  28852-3 0  9993
2 42732  51.6283 210.9783 0005716 138.6723 221.4715 15.88093640 86835
1 42732U 98067MM  18335.83886672  .00093704  00000-0  33334-3 0  9998
2 42732  51.6283 209.3278 0005700 140.6018 219.5402 15.88148364 86889
1 42732U 98067MM  18335.90178965  .00107998  00000-0  38284-3 0  9995
2 42732  51.6283 208.9978 0005693 141.0441 219.0975 15.88164677 86893
1 42732U 98067MM  18336.46807625  .00136521  00000-0  47891-3 0  9997
2 42732  51.6282 206.0282 0005676 143.5912 216.5480 15.88280521 86980
1 42732U 98067MM  18336.84557697  .00125817  00000-0  44039-3 0  9997
2 42732  51.6280 204.0468 0005807 146.9253 213.2116 15.88357704 87049
1 42732U 98067MM  18336.90849200  .00123509  00000-0  43222-3 0  9997
2 42732  51.6280 203.7166 0005823 147.5067 212.6297 15.88369275 87058
1 42732U 98067MM  18337.03432033  .00121461  00000-0  42459-3 0  9990
2 42732  51.6279 203.0565 0005819 147.9751 212.1608 15.88397897 87075
1 42732U 98067MM  18337.85215348  .00111804  00000-0  38821-3 0  9996
2 42732  51.6278 198.7655 0005720 152.1984 207.9328 15.88566874 87200
1 42732U 98067MM  18337.97796575  .00114168  00000-0  39568-3 0  9990
2 42732  51.6276 198.1051 0005726 152.8936 207.2369 15.88595876 87226
1 42732U 98067MM  18338.98438403  .00078889  00000-0  27246-3 0  9994
2 42732  51.6273 192.8222 0005589 157.4864 202.6387 15.88808235 87384
1 42732U 98067MM  18339.48754456  .00088092  00000-0  30213-3 0  9994
2 42732  51.6272 190.1818 0005465 159.0803 201.0427 15.88906923 87469
1 42732U 98067MM  18339.67622195  .00088150  00000-0  30177-3 0  9993
2 42732  51.6270 189.1908 0005441 160.0540 200.0679 15.88944003 87491
1 42732U 98067MM  18339.99067467  .00093562  00000-0  31895-3 0  9994
2 42732  51.6269 187.5392 0005469 161.7707 198.3495 15.89005361 87548
1 42732U 98067MM  18340.93396329  .00097244  00000-0  32837-3 0  9990
2 42732  51.6267 182.5855 0005235 166.1561 193.9589 15.89181654 87694
1 42732U 98067MM  18341.49988579  .00088180  00000-0  29679-3 0  9995
2 42732  51.6265 179.6139 0005092 168.9137 191.1981 15.89285171 87789
1 42732U 98067MM  18341.81427028  .00110760  00000-0  36986-3 0  9997
2 42732  51.6264 177.9613 0005113 170.7615 189.3486 15.89354581 87839
1 42732U 98067MM  18342.56873365  .00114569  00000-0  37886-3 0  9990
2 42732  51.6261 173.9974 0004872 174.4986 185.6073 15.89537238 87951
1 42732U 98067MM  18342.75733546  .00120599  00000-0  39742-3 0  9990
2 42732  51.6263 173.0056 0004894 175.6277 184.4772 15.89585413 87989
1 42732U 98067MM  18342.94593115  .00122952  00000-0  40396-3 0  9999
2 42732  51.6263 172.0141 0004907 176.3501 183.7541 15.89637131 88012
1 42732U 98067MM  18343.00879504  .00122724  00000-0  40286-3 0  9991
2 42732  51.6264 171.6839 0004896 176.5699 183.5341 15.89655178 88027
1 42732U 98067MM  18343.38596569  .00112257  00000-0  36749-3 0  9998
2 42732  51.6264 169.7021 0004703 178.3076 181.7946 15.89746106 88083
1 42732U 98067MM  18343.88882400  .00120238  00000-0  39050-3 0  9991
2 42732  51.6265 167.0574 0004635 181.1884 178.9112 15.89876787 88162
1 42732U 98067MM  18344.51733919  .00139635  18211-4  46383-3 0  9997
2 42732  51.6264 163.7531 0004447 184.5142 175.5824 15.90051593 88268
1 42732U 98067MM  18344.89441719  .00112091  15710-4  37293-3 0  9990
2 42732  51.6266 161.7691 0004458 186.1319 173.9632 15.90137276 88320
1 42732U 98067MM  18345.52283035  .00106727  15296-4  35285-3 0  9993
2 42732  51.6267 158.4642 0004235 190.1372 169.9549 15.90292739 88426
1 42732U 98067MM  18346.33967128  .00124726  16827-4  40590-3 0  9990
2 42732  51.6271 154.1661 0004037 194.4465 165.6426 15.90513838 88552
1 42732U 98067MM  18346.71663775  .00112652  15792-4  36592-3 0  9995
2 42732  51.6273 152.1814 0004039 197.2465 162.8404 15.90607460 88612
1 42732U 98067MM  18347.47050605  .00107198  15370-4  34555-3 0  9999
2 42732  51.6269 148.2135 0003748 202.9571 157.1268 15.90788792 88733
1 42732U 98067MM  18347.65895949  .00098798  14741-4  31864-3 0  9993
2 42732  51.6269 147.2205 0003775 203.7170 156.3663 15.90830720 88766
1 42732U 98067MM  18347.67417039  .00128221  17182-4  40967-3 0  9996
2 42732  51.6309 147.1329 0003954 194.0873 253.1916 15.90859173 88768
1 42732U 98067MM  18348.47553339  .00102078  14995-4  32572-3 0  9993
2 42732  51.6268 142.9211 0003524 209.3845 150.6963 15.91019008 88890
1 42732U 98067MM  18348.53834308  .00103690  15117-4  33047-3 0  9994
2 42732  51.6269 142.5901 0003524 209.7591 150.3215 15.91032265 88904
1 42732U 98067MM  18349.48041696  .00117414  16246-4  36864-3 0  9992
2 42732  51.6268 137.6281 0003231 217.2231 142.8551 15.91251221 89050
1 42732U 98067MM  18349.66881644  .00114261  15981-4  35829-3 0  9999
2 42732  51.6270 136.6349 0003271 218.2303 141.8471 15.91290807 89088
1 42732U 98067MM  18349.85721149  .00114879  16036-4  35940-3 0  9994
2 42732  51.6269 135.6422 0003184 219.5375 140.5399 15.91332958 89116
1 42732U 98067MM  18350.48515797  .00106015  15328-4  33013-3 0  9990
2 42732  51.6267 132.3334 0003089 224.7148 135.3610 15.91471410 89216
1 42732U 98067MM  18350.79911002  .00107111  15420-4  33219-3 0  9992
2 42732  51.6267 130.6782 0003080 225.9619 134.1134 15.91543720 89268
1 42732U 98067MM  18350.86189881  .00115561  16113-4  35723-3 0  9992
2 42732  51.6267 130.3473 0003038 226.2801 133.7954 15.91562343 89270
1 42732U 98067MM  18351.55253515  .00112323  15855-4  34460-3 0  9997
2 42732  51.6267 126.7068 0002885 233.4693 126.6048 15.91725816 89380
1 42732U 98067MM  18351.80365770  .00123327  16817-4  37609-3 0  9995
2 42732  51.6267 125.3824 0002885 234.9476 125.1260 15.91789918 89428
1 42732U 98067MM  18352.55695869  .00137982  18256-4  41487-3 0  9993
2 42732  51.6268 121.4101 0002729 242.9885 117.0843 15.92006938 89549
1 42732U 98067MM  18352.68249911  .00131687  17630-4  39578-3 0  9999
2 42732  51.6268 120.7476 0002745 242.6265 117.4463 15.92037339 89566
1 42732U 98067MM  18353.18463036  .00136954  18171-4  40801-3 0  9995
2 42732  51.6269 118.0996 0002654 247.7363 112.3363 15.92187537 89646
1 42732U 98067MM  18353.56119827  .00138224  18313-4  40929-3 0  9994
2 42732  51.6268 116.1119 0002596 253.9562 106.1159 15.92300555 89704
1 42732U 98067MM  18353.62395708  .00138280  18321-4  40908-3 0  9993
2 42732  51.6268 115.7807 0002590 254.4284 105.6437 15.92317973 89710
1 42732U 98067MM  18354.75349006  .00155509  20252-4  45068-3 0  9999
2 42732  51.6273 109.8187 0002520 265.2668  94.8051 15.92659802 89890
1 42732U 98067MM  18355.19268859  .00141822  18745-4  40925-3 0  9998
2 42732  51.6275 107.5008 0002473 272.0688  88.0036 15.92782434 89968
1 42732U 98067MM  18355.44364055  .00179788  23346-4  51340-3 0  9999
2 42732  51.6275 106.1753 0002514 274.1878  85.8841 15.92885258 90004
1 42732U 98067MM  18355.56911550  .00131859  17737-4  37900-3 0  9990
2 42732  51.6277 105.5125 0002515 274.1215  85.9504 15.92892085 90023
1 42732U 98067MM  18356.51007463  .00126190  17215-4  35821-3 0  9998
2 42732  51.6279 100.5426 0002453 283.3566  76.7167 15.93151704 90172
1 42732U 98067MM  18356.76097116  .00133791  17965-4  37771-3 0  9992
2 42732  51.6280  99.2171 0002392 285.3057  74.7686 15.93226898 90210
1 42732U 98067MM  18357.51360423  .00119546  16626-4  33537-3 0  9991
2 42732  51.6281  95.2400 0002440 294.1319  65.9432 15.93403871 90337
1 42732U 98067MM  18357.70174870  .00111581  15937-4  31294-3 0  9994
2 42732  51.6280  94.2455 0002426 295.4876  64.5880 15.93447678 90369
1 42732U 98067MM  18358.51697927  .00117494  16465-4  32555-3 0  9994
2 42732  51.6281  89.9367 0002529 304.0770  55.9997 15.93647423 90494
1 42732U 98067MM  18358.70509501  .00117018  16427-4  32347-3 0  9994
2 42732  51.6280  88.9420 0002494 305.4664  54.6110 15.93694227 90521
1 42732U 98067MM  18359.45750344  .00120249  16734-4  32889-3 0  9992
2 42732  51.6279  84.9629 0002449 312.1256  47.9543 15.93879818 90647
1 42732U 98067MM  18359.70828748  .00117504  16493-4  32058-3 0  9994
2 42732  51.6277  83.6367 0002398 316.9604  43.1216 15.93939517 90684
1 42732U 98067MM  18360.14713360  .00130328  17709-4  35238-3 0  9990
2 42732  51.6276  81.3163 0002530 322.0368  38.0461 15.94054379 90753
1 42732U 98067MM  18360.46057472  .00123357  17046-4  33253-3 0  9993
2 42732  51.6278  79.6573 0002552 322.9245  37.1586 15.94138589 90807
1 42732U 98067MM  18360.64863251  .00117634  16527-4  31674-3 0  9992
2 42732  51.6278  78.6623 0002597 325.0004  35.0832 15.94185095 90836
1 42732U 98067MM  18361.15009083  .00139565  18688-4  37134-3 0  9998
2 42732  51.6278  76.0096 0002745 329.7575  30.3274 15.94322190 90917
1 42732U 98067MM  18361.46348072  .00120121  16772-4  31955-3 0  9991
2 42732  51.6279  74.3502 0002693 331.1756  28.9103 15.94399907 90960
1 42732U 98067MM  18361.52615723  .00117379  16525-4  31225-3 0  9995
2 42732  51.6278  74.0183 0002682 331.5754  28.5107 15.94412728 90979
1 42732U 98067MM  18362.21555736  .00130296  17763-4  34243-3 0  9990
2 42732  51.6276  70.3694 0002765 337.5878  22.5009 15.94585106 91087
1 42732U 98067MM  18362.52889240  .00164064  21587-4  42637-3 0  9999
2 42732  51.6275  68.7101 0002755 341.3196  18.7710 15.94693487 91139
1 42732U 98067MM  18362.65422028  .00192408  25493-4  49706-3 0  9997
2 42732  51.6275  68.0461 0002641 341.9878  18.1036 15.94748093 91159
1 42732U 98067MM  18363.21814951  .00162947  21486-4  41770-3 0  9996
2 42732  51.6275  65.0597 0002757 346.4510  13.6423 15.94951327 91243
1 42732U 98067MM  18363.53141114  .00188370  24964-4  47827-3 0  9996
2 42732  51.6275  63.3995 0002740 348.2598  11.8345 15.95076677 91299
1 42732U 98067MM  18363.65670914  .00175856  23205-4  44600-3 0  9992
2 42732  51.6276  62.7356 0002727 349.1879  10.9069 15.95121357 91313
1 42732U 98067MM  18364.15786483  .00184264  24415-4  46221-3 0  9995
2 42732  51.6279  60.0797 0002778 353.3036   6.7934 15.95308461 91399
1 42732U 98067MM  18364.59632857  .00185850  24675-4  46203-3 0  9998
2 42732  51.6280  57.7558 0002812 357.7343   2.3652 15.95471003 91467
1 42732U 98067MM  18365.16000446  .00181280  24058-4  44606-3 0  9998
2 42732  51.6279  54.7677 0002833   1.2075 358.8940 15.95668913 91557
1 42732U 98067MM  18365.53574830  .00171980  22800-4  42055-3 0  9997
2 42732  51.6279  52.7751 0002838   4.2036 355.8996 15.95802233 91613
1 42732U 98067MM  18365.59836901  .00177382  23542-4  43288-3 0  9998
2 42732  51.6279  52.4430 0002817   4.5806 355.5227 15.95828619 91620
1 42732U 98067MM  19001.16191906  .00168687  22398-4  40780-3 0  9998
2 42732  51.6276  49.4538 0002892   9.2293 350.8768 15.96019431 91710
1 42732U 98067MM  19001.53758152  .00150230  20115-4  36173-3 0  9992
2 42732  51.6277  47.4606 0002817  13.6193 346.4891 15.96138993 91779
1 42732U 98067MM  19001.60018889  .00185694  24791-4  44432-3 0  9999
2 42732  51.6278  47.1284 0002812  14.0743 346.0343 15.96174440 91786
1 42732U 98067MM  19002.22621698  .00140719  19064-4  33498-3 0  9992
2 42732  51.6276  43.8063 0002861  18.2722 341.8388 15.96375945 91885
1 42732U 98067MM  19002.53920143  .00143069  19338-4  33858-3 0  9998
2 42732  51.6277  42.1444 0002890  21.0964 339.0164 15.96475576 91931
1 42732U 98067MM  19002.60179586  .00144971  19556-4  34258-3 0  9993
2 42732  51.6277  41.8122 0002883  21.3868 338.7260 15.96496625 91940
1 42732U 98067MM  19003.16511255  .00169222  22580-4  39461-3 0  9996
2 42732  51.6273  38.8221 0002977  23.6590 336.4555 15.96676211 92037
1 42732U 98067MM  19003.41545501  .00171495  22900-4  39808-3 0  9991
2 42732  51.6271  37.4919 0002913  26.5052 333.6105 15.96755183 92079
1 42732U 98067MM  19003.54062234  .00159216  21302-4  36947-3 0  9995
2 42732  51.6271  36.8271 0002906  27.5645 332.5518 15.96788480 92098
1 42732U 98067MM  19004.35413445  .00151141  20349-4  34638-3 0  9993
2 42732  51.6268  32.5055 0002947  32.7776 327.3415 15.97035702 92221
1 42732U 98067MM  19004.97982201  .00162805  21832-4  36814-3 0  9997
2 42732  51.6267  29.1812 0003003  36.6114 323.5100 15.97248525 92325
1 42732U 98067MM  19005.48029824  .00188961  25546-4  42055-3 0  9998
2 42732  51.6267  26.5195 0002953  41.4345 318.6887 15.97482933 92402
1 42732U 98067MM  19006.16833678  .00216275  30080-4  47172-3 0  9998
2 42732  51.6267  22.8600 0002951  44.2789 315.8456 15.97804963 92517
1 42732U 98067MM  19006.48103987  .00198705  27163-4  43110-3 0  9999
2 42732  51.6266  21.1963 0002935  46.9761 313.1493 15.97925248 92568
1 42732U 98067MM  19007.48151585  .00181698  24641-4  38562-3 0  9993
2 42732  51.6259  15.8706 0002892  56.5437 303.5849 15.98347509 92729
1 42732U 98067MM  19008.16918627  .00205518  28458-4  42787-3 0  9999
2 42732  51.6258  12.2090 0002941  61.4869 298.6437 15.98650312 92832
1 42732U 98067MM  19008.41921817  .00186319  25412-4  38657-3 0  9997
2 42732  51.6262  10.8778 0002893  62.1701 297.9601 15.98741878 92870
1 42732U 98067MM  19009.16921450  .00203837  28281-4  41462-3 0  9993
2 42732  51.6265   6.8820 0002849  66.4793 293.6515 15.99064754 92997
1 42732U 98067MM  19009.41917964  .00209575  29284-4  42344-3 0  9995
2 42732  51.6264   5.5496 0002860  67.9355 292.1958 15.99175028 93032
1 42732U 98067MM  19010.16897973  .00224932  32133-4  44585-3 0  9996
2 42732  51.6268   1.5521 0002840  75.0081 285.1243 15.99492629 93156
1 42732U 98067MM  19010.23145666  .00195319  26990-4  38777-3 0  9995
2 42732  51.6269   1.2190 0002837  75.6445 284.4879 15.99504921 93169
1 42732U 98067MM  19011.16850200  .00213236  30113-4  41413-3 0  9997
2 42732  51.6268 356.2215 0002886  85.3274 274.8065 15.99864308 93316
1 42732U 98067MM  19011.35588443  .00211149  29766-4  40833-3 0  9993
2 42732  51.6267 355.2219 0002882  87.0229 273.1111 15.99941657 93343
1 42732U 98067MM  19012.16776595  .00203363  28513-4  38585-3 0  9999
2 42732  51.6261 350.8884 0002777  90.9724 269.1605 16.00284983 93474
1 42732U 98067MM  19012.35509816  .00203753  28600-4  38477-3 0  9990
2 42732  51.6261 349.8885 0002773  92.4937 267.6391 16.00366395 93509
1 42732U 98067MM  19012.91704191  .00236922  34817-4  44023-3 0  9990
2 42732  51.6261 346.8875 0002730  98.2281 261.9039 16.00606665 93596
1 42732U 98067MM  19013.16676831  .00229083  33307-4  42340-3 0  9990
2 42732  51.6263 345.5538 0002714 100.4670 259.6646 16.00707416 93639
1 42732U 98067MM  19013.35405176  .00200134  28095-4  36911-3 0  9994
2 42732  51.6261 344.5531 0002757 102.4484 257.6835 16.00780964 93661
1 42732U 98067MM  19013.72859117  .00217541  31202-4  39692-3 0  9996
2 42732  51.6258 342.5523 0002770 106.3361 253.7955 16.00943021 93720
1 42732U 98067MM  19014.16550744  .00214710  30738-4  38770-3 0  9993
2 42732  51.6257 340.2170 0002805 111.0215 249.1095 16.01125442 93793
1 42732U 98067MM  19014.35274066  .00229305  33518-4  41144-3 0  9998
2 42732  51.6254 339.2159 0002822 113.8810 246.2496 16.01216938 93823
1 42732U 98067MM  19014.72717753  .00262146  40497-4  46457-3 0  9990
2 42732  51.6252 337.2140 0002856 117.8330 242.2970 16.01398026 93885
1 42732U 98067MM  19014.91438155  .00231128  33961-4  40855-3 0  9997
2 42732  51.6251 336.2128 0002868 118.6183 241.5116 16.01471199 93918
1 42732U 98067MM  19015.10157470  .00230639  33894-4  40563-3 0  9994
2 42732  51.6250 335.2115 0002888 119.7978 240.3320 16.01558092 93943
1 42732U 98067MM  19015.35114932  .00238271  35472-4  41583-3 0  9994
2 42732  51.6250 333.8765 0002854 121.7004 238.4285 16.01682154 93983
1 42732U 98067MM  19016.09976228  .00252712  38669-4  43149-3 0  9997
2 42732  51.6251 329.8706 0002868 128.9640 231.1627 16.02040891 94106
1 42732U 98067MM  19016.28688892  .00233044  34570-4  39632-3 0  9991
2 42732  51.6251 328.8689 0002902 130.8624 229.2638 16.02127528 94134
1 42732U 98067MM  19017.09764793  .00249928  38260-4  41463-3 0  9999
2 42732  51.6253 324.5274 0002939 138.4273 221.6961 16.02530160 94262
1 42732U 98067MM  19017.28471487  .00301475  50829-4  49539-3 0  9998
2 42732  51.6251 323.5255 0002914 140.3914 219.7310 16.02653770 94297
1 42732U 98067MM  19018.21986724  .00286870  47302-4  45731-3 0  9990
2 42732  51.6245 318.5137 0003099 151.9756 208.1422 16.03170727 94440
